0 0.7475062395963412 0.25
0.01 0.7500124376819017 1.25
0.02 0.7525061360523633 1.25
0.03 0.7549873970503149 1.25
0.04 0.7574562827074109 1.25
0.05 0.7599128547459213 1.25
0.060000000000000005 0.7623571745802749 1.25
0.07 0.7647893033185948 1.25
0.08 0.7672093017642265 1.25
0.09 0.7696172304172568 1.25
0.09999999999999999 0.7720131494760276 1.25
0.10999999999999999 0.7743971188386402 1.25
0.11999999999999998 0.7767691981044527 1.25
0.12999999999999998 0.7791294465755703 1.25
0.13999999999999999 0.7814779232583278 1.25
0.15 0.7838146868647645 1.25
0.16 0.7861397958140924 1.25
0.17 0.7884533082341563 1.25
0.18000000000000002 0.7907552819628871 1.25
0.19000000000000003 0.7930457745497479 1.25
0.20000000000000004 0.7953248432571728 1.25
0.21000000000000005 0.7975925450619981 1.25
0.22000000000000006 0.799848936656887 1.25
0.23000000000000007 0.8020940744517471 1.25
0.24000000000000007 0.8043280145751399 1.25
0.25000000000000006 0.806550812875685 1.25
0.26000000000000006 0.8087625249234556 1.25
0.2700000000000001 0.8109632060113682 1.25
0.2800000000000001 0.8131529111565645 1.25
0.2900000000000001 0.8153316951017873 1.25
0.3000000000000001 0.8174996123167486 1.25
0.3100000000000001 0.8196567169994917 1.25
0.3200000000000001 0.8218030630777462 1.25
0.3300000000000001 0.8239387042102757 1.25
0.34000000000000014 0.8260636937882198 1.25
0.35000000000000014 0.8281780849364284 1.25
0.36000000000000015 0.8302819305147906 1.25
0.37000000000000016 0.8323752831195552 1.25
0.38000000000000017 0.8344581950846466 1.25
0.3900000000000002 0.8365307184829722 1.25
0.4000000000000002 0.8385929051277251 1.25
0.4100000000000002 0.8406448065736787 1.25
0.4200000000000002 0.8426864741184761 1.25
0.4300000000000002 0.8447179588039121 1.25
0.4400000000000002 0.8467393114172097 1.25
0.45000000000000023 0.8487505824922896 1.25
0.46000000000000024 0.8507518223110334 1.25
0.47000000000000025 0.8527430809045409 1.25
0.48000000000000026 0.8547244080543803 1.25
0.49000000000000027 0.8566958532938339 1.25
0.5000000000000002 0.8586574659091353 1.25
0.5100000000000002 0.8606092949407018 1.25
0.5200000000000002 0.8625513891843613 1.25
0.5300000000000002 0.8644837971925705 1.25
0.5400000000000003 0.8664065672756307 1.25
0.5500000000000003 0.8683197475028939 1.25
0.5600000000000003 0.8702233857039654 1.25
0.5700000000000003 0.8721175294698995 1.25
0.5800000000000003 0.8740022261543889 1.25
0.5900000000000003 0.8758775228749491 1.25
0.6000000000000003 0.8777434665140955 1.25
0.6100000000000003 0.8796001037205163 1.25
0.6200000000000003 0.8814474809102386 1.25
0.6300000000000003 0.8832856442677881 1.25
0.6400000000000003 0.8851146397473446 1.25
0.6500000000000004 0.8869345130738904 1.25
0.6600000000000004 0.8887453097443533 1.25
0.6700000000000004 0.8905470750287444 1.25
0.6800000000000004 0.8923398539712897 1.25
0.6900000000000004 0.8941236913915562 1.25
0.7000000000000004 0.8958986318855722 1.25
0.7100000000000004 0.8976647198269425 1.25
0.7200000000000004 0.8994219993679577 1.25
0.7300000000000004 0.9011705144406978 1.25
0.7400000000000004 0.9029103087581307 1.25
0.7500000000000004 0.904641425815205 1.25
0.7600000000000005 0.9063639088899372 1.25
0.7700000000000005 0.908077801044494 1.25
0.7800000000000005 0.9097831451262683 1.25
0.7900000000000005 0.9114799837689513 1.25
0.8000000000000005 0.9131683593935972 1.25
0.8100000000000005 0.9148483142096846 1.25
0.8200000000000005 0.9165198902161714 1.25
0.8300000000000005 0.9181831292025449 1.25
0.8400000000000005 0.9198380727498663 1.25
0.8500000000000005 0.9214847622318104 1.25
0.8600000000000005 0.9231232388157002 1.25
0.8700000000000006 0.9247535434635356 1.25
0.8800000000000006 0.9263757169330176 1.25
0.8900000000000006 0.9279897997785674 1.25
0.9000000000000006 0.9295958323523403 1.25
0.9100000000000006 0.9311938548052343 1.25
0.9200000000000006 0.9327839070878939 1.25
0.9300000000000006 0.9343660289517091 1.25
0.9400000000000006 0.9359402599498088 1.25
0.9500000000000006 0.9375066394380499 1.25
0.9600000000000006 0.9390652065760012 1.25
0.9700000000000006 0.9406160003279225 1.25
0.9800000000000006 0.9421590594637381 1.25
0.9900000000000007 0.943694422560007 1.25
1.0000000000000007 0.9452221280008865 1.25
1.0100000000000007 0.946742213979092 1.25
1.0200000000000007 0.9482547184968524 1.25
1.0300000000000007 0.9497596793668592 1.25
1.0400000000000007 0.9512571342132128 1.25
1.0500000000000007 0.9527471204723621 1.25
1.0600000000000007 0.9542296753940414 1.25
1.0700000000000007 0.9557048360422007 1.25
1.0800000000000007 0.9571726392959332 1.25
1.0900000000000007 0.9586331218503967 1.25
1.1000000000000008 0.960086320217731 1.25
1.1100000000000008 0.9615322707279711 1.25
1.1200000000000008 0.9629710095299551 1.25
1.1300000000000008 0.9644025725922278 1.25
1.1400000000000008 0.9658269957039405 1.25
1.1500000000000008 0.967244314475745 1.25
1.1600000000000008 0.9686545643406845 1.25
1.1700000000000008 0.9700577805550792 1.25
1.1800000000000008 0.9714539981994075 1.25
1.1900000000000008 0.9728432521791831 1.25
1.2000000000000008 0.9742255772258279 1.25
1.2100000000000009 0.9756010078975401 1.25
1.2200000000000009 0.9769695785801582 1.25
1.2300000000000009 0.9783313234880204 1.25
1.2400000000000009 0.9796862766648204 1.25
1.2500000000000009 0.9810344719844581 1.25
1.260000000000001 0.9823759431518868 1.25
1.270000000000001 0.9837107237039555 1.25
1.280000000000001 0.9850388470102476 1.25
1.290000000000001 0.9863603462739148 1.25
1.300000000000001 0.9876752545325076 1.25
1.310000000000001 0.988983604658801 1.25
1.320000000000001 0.9902854293616163 1.25
1.330000000000001 0.9915807611866388 1.25
1.340000000000001 0.9928696325172317 1.25
1.350000000000001 0.9941520755752453 1.25
1.360000000000001 0.9954281224218229 1.25
1.370000000000001 0.996697804958202 1.25
1.380000000000001 0.9979611549265123 1.25
1.390000000000001 0.9992182039105686 1.25
1.400000000000001 1.0004689833366611 1.25
1.410000000000001 1.0017135244743407 1.25
1.420000000000001 1.0029518584372006 1.25
1.430000000000001 1.0041840161836542 1.25
1.440000000000001 1.0054100285177094 1.25
1.450000000000001 1.0066299260897387 1.25
1.460000000000001 1.0078437393972446 1.25
1.470000000000001 1.0090514987856232 1.25
1.480000000000001 1.010253234448922 1.25
1.490000000000001 1.011448976430595 1.25
1.500000000000001 1.0126387546242543 1.25
1.5100000000000011 1.0138225987744167 1.25
1.5200000000000011 1.0150005384772476 1.25
1.5300000000000011 1.0161726031813008 1.25
1.5400000000000011 1.0173388221882549 1.25
1.5500000000000012 1.018499224653646 1.25
1.5600000000000012 1.019653839587596 1.25
1.5700000000000012 1.0208026958555387 1.25
1.5800000000000012 1.0219458221789404 1.25
1.5900000000000012 1.0230832471360185 1.25
1.6000000000000012 1.0242149991624565 1.25
1.6100000000000012 1.025341106552114 1.25
1.6200000000000012 1.0264615974577345 1.25
1.6300000000000012 1.0275764998916486 1.25
1.6400000000000012 1.0286858417264755 1.25
1.6500000000000012 1.0297896506958186 1.25
1.6600000000000013 1.0308879543949598 1.25
1.6700000000000013 1.0319807802815488 1.25
1.6800000000000013 1.0330681556762897 1.25
1.6900000000000013 1.0341501077636241 1.25
1.7000000000000013 1.0352266635924103 1.25
1.7100000000000013 1.0362978500766002 1.25
1.7200000000000013 1.0373636939959117 1.25
1.7300000000000013 1.0384242219964983 1.25
1.7400000000000013 1.0394794605916151 1.25
1.7500000000000013 1.040529436162282 1.25
1.7600000000000013 1.0415741749579432 1.25
1.7700000000000014 1.042613703097123 1.25
1.7800000000000014 1.0436480465680786 1.25
1.7900000000000014 1.044677231229451 1.25
1.8000000000000014 1.0457012828109102 1.25
1.8100000000000014 1.0467202269137992 1.25
1.8200000000000014 1.0477340890117735 1.25
1.8300000000000014 1.0487428944514383 1.25
1.8400000000000014 1.0497466684529824 1.25
1.8500000000000014 1.0507454361108077 1.25
1.8600000000000014 1.0517392223941582 1.25
1.8700000000000014 1.0527280521477422 1.25
1.8800000000000014 1.0537119500923555 1.25
1.8900000000000015 1.0546909408254976 1.25
1.9000000000000015 1.055665048821988 1.25
1.9100000000000015 1.0566342984345776 1.25
1.9200000000000015 1.0575987138945566 1.25
1.9300000000000015 1.0585583193123622 1.25
1.9400000000000015 1.0595131386781798 1.25
1.9500000000000015 1.060463195862543 1.25
1.9600000000000015 1.061408514616931 1.25
1.9700000000000015 1.062349118574362 1.25
1.9800000000000015 1.063285031249984 1.25
1.9900000000000015 1.0642162760416625 1.25
2.0000000000000013 1.0651428762305657 1.25
2.010000000000001 1.0660648549817466 1.25
2.020000000000001 1.0669822353447223 1.25
2.0300000000000007 1.0678950402540492 1.25
2.0400000000000005 1.068803292529898 1.25
2.0500000000000003 1.0697070148786225 1.25
2.06 1.0706062298933288 1.25
2.07 1.071500960054439 1.25
2.0799999999999996 1.0723912277302536 1.25
2.0899999999999994 1.073277055177511 1.25
2.099999999999999 1.0741584645419437 1.25
2.109999999999999 1.0750354778588316 1.25
2.1199999999999988 1.0759081170535532 1.25
2.1299999999999986 1.0767764039421337 1.25
2.1399999999999983 1.0776403602317908 1.25
2.149999999999998 1.0785000075214766 1.25
2.159999999999998 1.079355367302418 1.25
2.1699999999999977 1.0802064609586544 1.25
2.1799999999999975 1.0810533097675712 1.25
2.1899999999999973 1.081895934900433 1.25
2.199999999999997 1.0827343574229116 1.25
2.209999999999997 1.0835685982956142 1.25
2.2199999999999966 1.084398678374606 1.25
2.2299999999999964 1.085224618411932 1.25
2.239999999999996 1.0860464390561362 1.25
2.249999999999996 1.0868641608527776 1.25
2.259999999999996 1.0876778042449435 1.25
2.2699999999999956 1.0884873895737615 1.25
2.2799999999999954 1.0892929370789064 1.25
2.289999999999995 1.0900944668991084 1.25
2.299999999999995 1.0908919990726542 1.25
2.3099999999999947 1.09168555353789 1.25
2.3199999999999945 1.0924751501337187 1.25
2.3299999999999943 1.0932608086000963 1.25
2.339999999999994 1.0940425485785255 1.25
2.349999999999994 1.0948203896125464 1.25
2.3599999999999937 1.0955943511482253 1.25
2.3699999999999934 1.096364452534641 1.25
2.3799999999999932 1.0971307130243682 1.25
2.389999999999993 1.097893151773959 1.25
2.399999999999993 1.098651787844422 1.25
2.4099999999999926 1.0994066402016982 1.25
2.4199999999999924 1.1001577277171362 1.25
2.429999999999992 1.1009050691679627 1.25
2.439999999999992 1.101648683237753 1.25
2.4499999999999917 1.1023885885168978 1.25
2.4599999999999915 1.1031248035030674 1.25
2.4699999999999913 1.1038573466016748 1.25
2.479999999999991 1.1045862361263357 1.25
2.489999999999991 1.105311490299326 1.25
2.4999999999999907 1.1060331272520378 1.25
2.5099999999999905 1.1017636442181151 0.25
2.5199999999999902 1.0975154553196607 0.25
2.52999999999999 1.0932884543517305 0.25
2.53999999999999 1.0890825356390805 0.25
2.5499999999999896 1.0848975940335237 0.25
2.5599999999999894 1.080733524911302 0.25
2.569999999999989 1.0765902241704706 0.25
2.579999999999989 1.072467588228295 0.25
2.5899999999999888 1.0683655140186619 0.25
2.5999999999999885 1.0642838989895025 0.25
2.6099999999999883 1.0602226411002285 0.25
2.619999999999988 1.0561816388191811 0.25
2.629999999999988 1.052160791121093 0.25
2.6399999999999877 1.0481599974845621 0.25
2.6499999999999875 1.0441791578895392 0.25
2.6599999999999873 1.0402181728148272 0.25
2.669999999999987 1.0362769432355927 0.25
2.679999999999987 1.0323553706208912 0.25
2.6899999999999866 1.0284533569312027 0.25
2.6999999999999864 1.024570804615982 0.25
2.709999999999986 1.020707616611219 0.25
2.719999999999986 1.0168636963370123 0.25
2.7299999999999858 1.013038947695155 0.25
2.7399999999999856 1.0092332750667317 0.25
2.7499999999999853 1.0054465833097284 0.25
2.759999999999985 1.001678777756654 0.25
2.769999999999985 0.9979297642121736 0.25
2.7799999999999847 0.9941994489507532 0.25
2.7899999999999845 0.990487738714317 0.25
2.7999999999999843 0.9867945407099157 0.25
2.809999999999984 0.9831197626074069 0.25
2.819999999999984 0.9794633125371466 0.25
2.8299999999999836 0.9758250990876927 0.25
2.8399999999999834 0.9722050313035194 0.25
2.849999999999983 0.9686030186827436 0.25
2.859999999999983 0.9650189711748621 0.25
2.869999999999983 0.9614527991785006 0.25
2.8799999999999826 0.9579044135391734 0.25
2.8899999999999824 0.9543737255470548 0.25
2.899999999999982 0.950860646934761 0.25
2.909999999999982 0.9473650898751438 0.25
2.9199999999999817 0.9438869669790946 0.25
2.9299999999999815 0.9404261912933598 0.25
2.9399999999999813 0.9369826762983671 0.25
2.949999999999981 0.9335563359060621 0.25
2.959999999999981 0.9301470844577568 0.25
2.9699999999999807 0.9267548367219873 0.25
2.9799999999999804 0.9233795078923835 0.25
2.9899999999999802 0.9200210135855489 0.25
2.99999999999998 0.9166792698389509 0.25
3.00999999999998 0.9133541931088217 0.25
3.0199999999999796 0.9100457002680701 0.25
3.0299999999999794 0.9067537086042025 0.25
3.039999999999979 0.9034781358172559 0.25
3.049999999999979 0.9002189000177402 0.25
3.0599999999999787 0.8969759197245905 0.25
3.0699999999999785 0.8937491138631306 0.25
3.0799999999999783 0.8905384017630459 0.25
3.089999999999978 0.8873437031563667 0.25
3.099999999999978 0.8841649381754614 0.25
3.1099999999999777 0.8810020273510399 0.25
3.1199999999999775 0.8778548916101669 0.25
3.1299999999999772 0.874723452274285 0.25
3.139999999999977 0.8716076310572477 0.25
3.149999999999977 0.8685073500633622 0.25
3.1599999999999766 0.8654225317854423 0.25
3.1699999999999764 0.8623530991028703 0.25
3.179999999999976 0.8592989752796693 0.25
3.189999999999976 0.8562600839625846 0.25
3.1999999999999758 0.853236349179175 0.25
3.2099999999999755 0.8502276953359135 0.25
3.2199999999999753 0.8472340472162972 0.25
3.229999999999975 0.8442553299789675 0.25
3.239999999999975 0.841291469155838 0.25
3.2499999999999747 0.8383423906502337 0.25
3.2599999999999745 0.8354080207350387 0.25
3.2699999999999743 0.832488286050852 0.25
3.279999999999974 0.8295831136041546 0.25
3.289999999999974 0.8266924307654839 0.25
3.2999999999999736 0.8238161652676185 0.25
3.3099999999999734 0.820954245203771 0.25
3.319999999999973 0.8181065990257909 0.25
3.329999999999973 0.8152731555423752 0.25
3.3399999999999728 0.8124538439172895 0.25
3.3499999999999726 0.8096485936675962 0.25
3.3599999999999723 0.806857334661893 0.25
3.369999999999972 0.8040799971185594 0.25
3.379999999999972 0.8013165116040121 0.25
3.3899999999999717 0.7985668090309692 0.25
3.3999999999999715 0.7958308206567234 0.25
3.4099999999999713 0.7931084780814227 0.25
3.419999999999971 0.7903997132463609 0.25
3.429999999999971 0.7877044584322762 0.25
3.4399999999999706 0.7850226462576577 0.25
3.4499999999999704 0.7823542096770615 0.25
3.45999999999997 0.7796990819794339 0.25
3.46999999999997 0.7770571967864445 0.25
3.47999999999997 0.7744284880508255 0.25
3.4899999999999696 0.7718128900547219 0.25
3.4999999999999694 0.7692103374080473 0.25
3.509999999999969 0.7666207650468503 0.25
3.519999999999969 0.7640441082316868 0.25
3.5299999999999687 0.7614803025460022 0.25
3.5399999999999685 0.7589292838945209 0.25
3.5499999999999683 0.7563909885016437 0.25
3.559999999999968 0.7538653529098536 0.25
3.569999999999968 0.7513523139781292 0.25
3.5799999999999677 0.7488518088803664 0.25
3.5899999999999674 0.7463637751038075 0.25
3.5999999999999672 0.7438881504474785 0.25
3.609999999999967 0.7414248730206341 0.25
3.619999999999967 0.7389738812412102 0.25
3.6299999999999666 0.7365351138342848 0.25
3.6399999999999664 0.7341085098305457 0.25
3.649999999999966 0.7316940085647663 0.25
3.659999999999966 0.7292915496742893 0.25
3.6699999999999657 0.7269010730975173 0.25
3.6799999999999655 0.7245225190724113 0.25
3.6899999999999653 0.7221558281349969 0.25
3.699999999999965 0.7198009411178773 0.25
3.709999999999965 0.7174577991487545 0.25
3.7199999999999647 0.7151263436489572 0.25
3.7299999999999645 0.7128065163319764 0.25
3.7399999999999642 0.7104982592020085 0.25
3.749999999999964 0.7082015145525049 0.25
3.759999999999964 0.7059162249647298 0.25
3.7699999999999636 0.7036423333063245 0.25
3.7799999999999634 0.7013797827298791 0.25
3.789999999999963 0.6991285166715113 0.25
3.799999999999963 0.6968884788494525 0.25
3.8099999999999627 0.6946596132626404 0.25
3.8199999999999625 0.6924418641893191 0.25
3.8299999999999623 0.6902351761856464 0.25
3.839999999999962 0.6880394940843073 0.25
3.849999999999962 0.6858547629931349 0.25
3.8599999999999617 0.683680928293738 0.25
3.8699999999999615 0.6815179356401362 0.25
3.8799999999999613 0.6793657309574002 0.25
3.889999999999961 0.6772242604403009 0.25
3.899999999999961 0.675093470551964 0.25
3.9099999999999606 0.6729733080225312 0.25
3.9199999999999604 0.6708637198478289 0.25
3.92999999999996 0.6687646532880427 0.25
3.93999999999996 0.6666760558663993 0.25
3.9499999999999598 0.6645978753678545 0.25
3.9599999999999596 0.6625300598377877 0.25
3.9699999999999593 0.6604725575807027 0.25
3.979999999999959 0.658425317158936 0.25
3.989999999999959 0.6563882873913705 0.25
3.9999999999999587 0.6543614173521558 0.25
4.009999999999959 0.6523446563694355 0.25
4.019999999999959 0.6503379540240799 0.25
4.0299999999999585 0.6483412601484257 0.25
4.039999999999958 0.6463545248250223 0.25
4.049999999999958 0.6443776983853831 0.25
4.059999999999958 0.6424107314087439 0.25
4.069999999999958 0.6404535747208281 0.25
4.079999999999957 0.6385061793926163 0.25
4.089999999999957 0.6365684967391242 0.25
4.099999999999957 0.6346404783181843 0.25
4.109999999999957 0.6327220759292357 0.25
4.119999999999957 0.6308132416121188 0.25
4.129999999999956 0.6289139276458763 0.25
4.139999999999956 0.62702408654756 0.25
4.149999999999956 0.6251436710710441 0.25
4.159999999999956 0.6232726342058437 0.25
4.1699999999999555 0.6214109291759398 0.25
4.179999999999955 0.6195585094386096 0.25
4.189999999999955 0.6177153286832632 0.25
4.199999999999955 0.6158813408302857 0.25
4.209999999999955 0.6140565000298853 0.25
4.2199999999999545 0.612240760660947 0.25
4.229999999999954 0.610434077329892 0.25
4.239999999999954 0.6086364048695427 0.25
4.249999999999954 0.6068476983379942 0.25
4.259999999999954 0.6050679130174901 0.25
4.269999999999953 0.6032970044133045 0.25
4.279999999999953 0.6015349282526301 0.25
4.289999999999953 0.5997816404834713 0.25
4.299999999999953 0.5980370972735423 0.25
4.3099999999999525 0.596301255009172 0.25
4.319999999999952 0.5945740702942135 0.25
4.329999999999952 0.592855499948959 0.25
4.339999999999952 0.5911455010090603 0.25
4.349999999999952 0.5894440307244548 0.25
4.3599999999999515 0.5877510465582969 0.25
4.369999999999951 0.5860665061858941 0.25
4.379999999999951 0.5843903674936494 0.25
4.389999999999951 0.5827225885780082 0.25
4.399999999999951 0.5810631277444107 0.25
4.40999999999995 0.5794119435062498 0.25
4.41999999999995 0.5777689945838334 0.25
4.42999999999995 0.5761342399033529 0.25
4.43999999999995 0.5745076385958562 0.25
4.4499999999999496 0.5728891499962259 0.25
4.459999999999949 0.5712787336421625 0.25
4.469999999999949 0.5696763492731736 0.25
4.479999999999949 0.5680819568295663 0.25
4.489999999999949 0.5664955164514465 0.25
4.4999999999999485 0.5649169884777221 0.25
4.509999999999948 0.5633463334451116 0.25
4.519999999999948 0.5617835120871575 0.25
4.529999999999948 0.5602284853332442 0.25
4.539999999999948 0.5586812143076221 0.25
4.549999999999947 0.5571416603284347 0.25
4.559999999999947 0.5556097849067525 0.25
4.569999999999947 0.5540855497456102 0.25
4.579999999999947 0.5525689167390493 0.25
4.589999999999947 0.5510598479711657 0.25
4.599999999999946 0.5495583057151616 0.25
4.609999999999946 0.5480642524324024 0.25
4.619999999999946 0.5465776507714782 0.25
4.629999999999946 0.5450984635672701 0.25
4.6399999999999455 0.5436266538400208 0.25
4.649999999999945 0.5421621847944107 0.25
4.659999999999945 0.5407050198186372 0.25
4.669999999999945 0.5392551224835 0.25
4.679999999999945 0.5378124565414903 0.25
4.689999999999944 0.5363769859258845 0.25
4.699999999999944 0.5349486747498422 0.25
4.709999999999944 0.5335274873055098 0.25
4.719999999999944 0.532113388063127 0.25
4.729999999999944 0.5307063416701393 0.25
4.739999999999943 0.5293063129503135 0.25
4.749999999999943 0.5279132669028586 0.25
4.759999999999943 0.5265271687015509 0.25
4.769999999999943 0.5251479836938633 0.25
4.7799999999999425 0.5237756774000986 0.25
4.789999999999942 0.5224102155125281 0.25
4.799999999999942 0.5210515638945334 0.25
4.809999999999942 0.5196996885797535 0.25
4.819999999999942 0.5183545557712348 0.25
4.8299999999999415 0.5170161318405873 0.25
4.839999999999941 0.5156843833271428 0.25
4.849999999999941 0.5143592769371194 0.25
4.859999999999941 0.513040779542788 0.25
4.869999999999941 0.5117288581816453 0.25
4.87999999999994 0.5104234800555888 0.25
4.88999999999994 0.5091246125300974 0.25
4.89999999999994 0.5078322231334155 0.25
4.90999999999994 0.5065462795557406 0.25
4.9199999999999395 0.5052667496484164 0.25
4.929999999999939 0.5039936014231285 0.25
4.939999999999939 0.5027268030511052 0.25
4.949999999999939 0.5014663228623208 0.25
4.959999999999939 0.5002121293447054 0.25
4.9699999999999385 0.49896419114335544 0.25
4.979999999999938 0.4977224770597509 0.25
4.989999999999938 0.49648695605097515 0.25
4.999999999999938 0.4952575972289385 0.25
5.009999999999938 0.49902189066692404 1.25
5.019999999999937 0.5027674096130629 1.25
5.029999999999937 0.5064942477055236 1.25
5.039999999999937 0.5102024981154527 1.25
5.049999999999937 0.5138922535493036 1.25
5.0599999999999365 0.5175636062511542 1.25
5.069999999999936 0.5212166480050132 1.25
5.079999999999936 0.524851470137115 1.25
5.089999999999936 0.5284681635182019 1.25
5.099999999999936 0.5320668185657971 1.25
5.1099999999999355 0.535647525246464 1.25
5.119999999999935 0.5392103730780561 1.25
5.129999999999935 0.5427554511319549 1.25
5.139999999999935 0.5462828480352963 1.25
5.149999999999935 0.5497926519731865 1.25
5.159999999999934 0.553284950690907 1.25
5.169999999999934 0.5567598314961074 1.25
5.179999999999934 0.560217381260989 1.25
5.189999999999934 0.5636576864244759 1.25
5.199999999999934 0.5670808329943764 1.25
5.209999999999933 0.570486906549533 1.25
5.219999999999933 0.5738759922419621 1.25
5.229999999999933 0.5772481747989823 1.25
5.239999999999933 0.5806035385253333 1.25
5.2499999999999325 0.583942167305283 1.25
5.259999999999932 0.5872641446047249 1.25
5.269999999999932 0.5905695534732642 1.25
5.279999999999932 0.5938584765462951 1.25
5.289999999999932 0.5971309960470655 1.25
5.299999999999931 0.6003871937887336 1.25
5.309999999999931 0.6036271511764123 1.25
5.319999999999931 0.6068509492092051 1.25
5.329999999999931 0.6100586684822308 1.25
5.339999999999931 0.6132503891886383 1.25
5.34999999999993 0.6164261911216113 1.25
5.35999999999993 0.6195861536763638 1.25
5.36999999999993 0.6227303558521241 1.25
5.37999999999993 0.6258588762541104 1.25
5.3899999999999295 0.6289717930954957 1.25
5.399999999999929 0.6320691841993631 1.25
5.409999999999929 0.6351511270006516 1.25
5.419999999999929 0.6382176985480916 1.25
5.429999999999929 0.6412689755061317 1.25
5.4399999999999284 0.6443050341568547 1.25
5.449999999999928 0.647325950401885 1.25
5.459999999999928 0.650331799764286 1.25
5.469999999999928 0.6533226573904484 1.25
5.479999999999928 0.6562985980519686 1.25
5.489999999999927 0.659259696147518 1.25
5.499999999999927 0.6622060257047034 1.25
5.509999999999927 0.6651376603819171 1.25
5.519999999999927 0.6680546734701788 1.25
5.5299999999999265 0.6709571378949676 1.25
5.539999999999926 0.6738451262180453 1.25
5.549999999999926 0.6767187106392702 1.25
5.559999999999926 0.6795779629984028 1.25
5.569999999999926 0.6824229547769007 1.25
5.5799999999999255 0.6852537570997068 1.25
5.589999999999925 0.6880704407370265 1.25
5.599999999999925 0.6908730761060974 1.25
5.609999999999925 0.6936617332729498 1.25
5.619999999999925 0.696436481954158 1.25
5.629999999999924 0.6991973915185836 1.25
5.639999999999924 0.7019445309891096 1.25
5.649999999999924 0.7046779690443656 1.25
5.659999999999924 0.7073977740204456 1.25
5.6699999999999235 0.7101040139126155 1.25
5.679999999999923 0.7127967563770136 1.25
5.689999999999923 0.7154760687323417 1.25
5.699999999999923 0.7181420179615484 1.25
5.709999999999923 0.7207946707135032 1.25
5.7199999999999225 0.723434093304663 1.25
5.729999999999922 0.7260603517207301 1.25
5.739999999999922 0.7286735116183017 1.25
5.749999999999922 0.7312736383265113 1.25
5.759999999999922 0.733860796848662 1.25
5.769999999999921 0.7364350518638517 1.25
5.779999999999921 0.7389964677285897 1.25
5.789999999999921 0.7415451084784063 1.25
5.799999999999921 0.7440810378294527 1.25
5.809999999999921 0.7466043191800948 1.25
5.81999999999992 0.7491150156124979 1.25
5.82999999999992 0.7516131898942036 1.25
5.83999999999992 0.7540989044796989 1.25
5.84999999999992 0.756572221511978 1.25
5.8599999999999195 0.7590332028240956 1.25
5.869999999999919 0.7614819099407125 1.25
5.879999999999919 0.7639184040796343 1.25
5.889999999999919 0.7663427461533413 1.25
5.899999999999919 0.7687549967705116 1.25
5.909999999999918 0.7711552162375364 1.25
5.919999999999918 0.7735434645600272 1.25
5.929999999999918 0.7759198014443165 1.25
5.939999999999918 0.7782842862989503 1.25
5.949999999999918 0.7806369782361731 1.25
5.959999999999917 0.7829779360734057 1.25
5.969999999999917 0.7853072183347161 1.25
5.979999999999917 0.787624883252282 1.25
5.989999999999917 0.7899309887678472 1.25
5.9999999999999165 0.7922255925341697 1.25
6.009999999999916 0.7945087519164631 1.25
6.019999999999916 0.7967805239938308 1.25
6.029999999999916 0.7990409655606932 1.25
6.039999999999916 0.8012901331282071 1.25
6.0499999999999154 0.8035280829256789 1.25
6.059999999999915 0.8057548709019701 1.25
6.069999999999915 0.807970552726896 1.25
6.079999999999915 0.8101751837926177 1.25
6.089999999999915 0.8123688192150267 1.25
6.099999999999914 0.8145515138351227 1.25
6.109999999999914 0.816723322220385 1.25
6.119999999999914 0.8188842986661363 1.25
6.129999999999914 0.8210344971969004 1.25
6.1399999999999135 0.8231739715677523 1.25
6.149999999999913 0.825302775265663 1.25
6.159999999999913 0.8274209615108356 1.25
6.169999999999913 0.8295285832580366 1.25
6.179999999999913 0.8316256931979195 1.25
6.1899999999999125 0.833712343758342 1.25
6.199999999999912 0.8357885871056768 1.25
6.209999999999912 0.8378544751461157 1.25
6.219999999999912 0.8399100595269673 1.25
6.229999999999912 0.8419553916379482 1.25
6.239999999999911 0.8439905226124678 1.25
6.249999999999911 0.8460155033289063 1.25
6.259999999999911 0.848030384411887 1.25
6.269999999999911 0.8500352162335423 1.25
6.2799999999999105 0.8520300489147719 1.25
6.28999999999991 0.8540149323264966 1.25
6.29999999999991 0.8559899160909052 1.25
6.30999999999991 0.8579550495826949 1.25
6.31999999999991 0.859910381930305 1.25
6.3299999999999095 0.8618559620171462 1.25
6.339999999999909 0.863791838482822 1.25
6.349999999999909 0.8657180597243448 1.25
6.359999999999909 0.867634673897346 1.25
6.369999999999909 0.8695417289172799 1.25
6.379999999999908 0.871439272460621 1.25
6.389999999999908 0.8733273519660569 1.25
6.399999999999908 0.8752060146356737 1.25
6.409999999999908 0.8770753074361358 1.25
6.419999999999908 0.8789352770998606 1.25
6.429999999999907 0.8807859701261866 1.25
6.439999999999907 0.8826274327825359 1.25
6.449999999999907 0.8844597111055708 1.25
6.459999999999907 0.8862828509023446 1.25
6.4699999999999065 0.8880968977514474 1.25
6.479999999999906 0.8899018970041448 1.25
6.489999999999906 0.8916978937855122 1.25
6.499999999999906 0.8934849329955628 1.25
6.509999999999906 0.8952630593103696 1.25
6.519999999999905 0.8970323171831833 1.25
6.529999999999905 0.8987927508455429 1.25
6.539999999999905 0.9005444043083816 1.25
6.549999999999905 0.9022873213631271 1.25
6.559999999999905 0.9040215455827967 1.25
6.569999999999904 0.905747120323086 1.25
6.579999999999904 0.9074640887234536 1.25
6.589999999999904 0.9091724937081989 1.25
6.599999999999904 0.9108723779875354 1.25
6.6099999999999035 0.9125637840586587 1.25
6.619999999999903 0.9142467542068087 1.25
6.629999999999903 0.9159213305063267 1.25
6.639999999999903 0.9175875548217074 1.25
6.649999999999903 0.9192454688086455 1.25
6.659999999999902 0.9208951139150771 1.25
6.669999999999902 0.9225365313822156 1.25
6.679999999999902 0.9241697622455832 1.25
6.689999999999902 0.9257948473360367 1.25
6.699999999999902 0.9274118272807879 1.25
6.709999999999901 0.9290207425044195 1.25
6.719999999999901 0.930621633229896 1.25
6.729999999999901 0.932214539479569 1.25
6.739999999999901 0.9337995010761777 1.25
6.7499999999999005 0.9353765576438444 1.25
6.7599999999999 0.9369457486090657 1.25
6.7699999999999 0.9385071132016972 1.25
6.7799999999999 0.9400606904559352 1.25
6.7899999999999 0.9416065192112919 1.25
6.7999999999998995 0.9431446381135666 1.25
6.809999999999899 0.9446750856158121 1.25
6.819999999999899 0.9461978999792957 1.25
6.829999999999899 0.9477131192744558 1.25
6.839999999999899 0.9492207813818536 1.25
6.849999999999898 0.9507209239931204 1.25
6.859999999999898 0.9522135846118995 1.25
6.869999999999898 0.9536988005547842 1.25
6.879999999999898 0.9551766089522504 1.25
6.8899999999998975 0.9566470467495851 1.25
6.899999999999897 0.9581101507078096 1.25
6.909999999999897 0.9595659574045992 1.25
6.919999999999897 0.9610145032351971 1.25
6.929999999999897 0.9624558244133246 1.25
6.9399999999998965 0.9638899569720861 1.25
6.949999999999896 0.9653169367648704 1.25
6.959999999999896 0.9667367994662466 1.25
6.969999999999896 0.968149580572856 1.25
6.979999999999896 0.9695553154043002 1.25
6.989999999999895 0.9709540391040229 1.25
6.999999999999895 0.9723457866401896 1.25
7.009999999999895 0.973730592806561 1.25
7.019999999999895 0.9751084922233637 1.25
7.0299999999998946 0.9764795193381546 1.25
7.039999999999894 0.9778437084266831 1.25
7.049999999999894 0.9792010935937474 1.25
7.059999999999894 0.9805517087740474 1.25
7.069999999999894 0.9818955877330331 1.25
7.0799999999998935 0.9832327640677483 1.25
7.089999999999893 0.9845632712076711 1.25
7.099999999999893 0.9858871424155491 1.25
7.109999999999893 0.9872044107882316 1.25
7.119999999999893 0.9885151092574966 1.25
7.129999999999892 0.989819270590874 1.25
7.139999999999892 0.9911169273924652 1.25
7.149999999999892 0.9924081121037576 1.25
7.159999999999892 0.9936928570044363 1.25
7.169999999999892 0.9949711942131909 1.25
7.179999999999891 0.9962431556885181 1.25
7.189999999999891 0.9975087732295209 1.25
7.199999999999891 0.9987680784767039 1.25
7.209999999999891 1.0000211029127637 1.25
7.2199999999998905 1.0012678778633766 1.25
7.22999999999989 1.0025084344979813 1.25
7.23999999999989 1.0037428038305583 1.25
7.24999999999989 1.0049710167204051 1.25
7.25999999999989 1.006193103872908 1.25
7.269999999999889 1.0074090958403095 1.25
7.279999999999889 1.0086190230224719 1.25
7.289999999999889 1.009822915667638 1.25
7.299999999999889 1.0110208038731865 1.25
7.309999999999889 1.012212717586385 1.25
7.319999999999888 1.0133986866051385 1.25
7.329999999999888 1.014578740578734 1.25
7.339999999999888 1.0157529090085826 1.25
7.349999999999888 1.016921221248956 1.25
7.3599999999998875 1.018083706507721 1.25
7.369999999999887 1.0192403938470698 1.25
7.379999999999887 1.020391312184246 1.25
7.389999999999887 1.0215364902922681 1.25
7.399999999999887 1.0226759568006483 1.25
7.4099999999998865 1.0238097401961086 1.25
7.419999999999886 1.024937868823293 1.25
7.429999999999886 1.026060370885476 1.25
7.439999999999886 1.0271772744452679 1.25
7.449999999999886 1.0282886074253152 1.25
7.459999999999885 1.0293943976090008 1.25
7.469999999999885 1.0304946726411368 1.25
7.479999999999885 1.0315894600286561 1.25
7.489999999999885 1.0326787871413008 1.25
7.4999999999998845 1.033762681212305 1.25
7.509999999999884 1.0298536485317595 0.25
7.519999999999884 1.0259641122330447 0.25
7.529999999999884 1.0220939750775506 0.25
7.539999999999884 1.0182431403116468 0.25
7.5499999999998835 1.0144115116642634 0.25
7.559999999999883 1.0105989933444848 0.25
7.569999999999883 1.0068054900391543 0.25
7.579999999999883 1.003030906910492 0.25
7.589999999999883 0.9992751495937225 0.25
7.599999999999882 0.9955381241947178 0.25
7.609999999999882 0.991819737287648 0.25
7.619999999999882 0.9881198959126469 0.25
7.629999999999882 0.9844385075734874 0.25
7.6399999999998816 0.9807754802352693 0.25
7.649999999999881 0.9771307223221183 0.25
7.659999999999881 0.9735041427148968 0.25
7.669999999999881 0.9698956507489257 0.25
7.679999999999881 0.966305156211718 0.25
7.6899999999998805 0.962732569340723 0.25
7.69999999999988 0.9591778008210832 0.25
7.70999999999988 0.9556407617834002 0.25
7.71999999999988 0.952121363801514 0.25
7.72999999999988 0.9486195188902917 0.25
7.739999999999879 0.9451351395034281 0.25
7.749999999999879 0.9416681385312571 0.25
7.759999999999879 0.9382184292985738 0.25
7.769999999999879 0.9347859255624676 0.25
7.779999999999879 0.9313705415101665 0.25
7.789999999999878 0.9279721917568913 0.25
7.799999999999878 0.924590791343721 0.25
7.809999999999878 0.9212262557354693 0.25
7.819999999999878 0.9178785008185708 0.25
7.8299999999998775 0.914547442898978 0.25
7.839999999999877 0.9112329987000697 0.25
7.849999999999877 0.907935085360568 0.25
7.859999999999877 0.9046536204324678 0.25
7.869999999999877 0.901388521878975 0.25
7.879999999999876 0.8981397080724557 0.25
7.889999999999876 0.8949070977923955 0.25
7.899999999999876 0.891690610223369 0.25
7.909999999999876 0.8884901649530196 0.25
7.919999999999876 0.8853056819700487 0.25
7.929999999999875 0.8821370816622159 0.25
7.939999999999875 0.8789842848143485 0.25
7.949999999999875 0.8758472126063611 0.25
7.959999999999875 0.8727257866112851 0.25
7.9699999999998745 0.8696199287933081 0.25
7.979999999999874 0.8665295615058227 0.25
7.989999999999874 0.863454607489486 0.25
7.999999999999874 0.8603949898702873 0.25
8.009999999999874 0.8573506321576267 0.25
8.019999999999873 0.854321458242403 0.25
8.029999999999873 0.8513073923951104 0.25
8.039999999999873 0.8483083592639459 0.25
8.049999999999873 0.8453242838729248 0.25
8.059999999999873 0.8423550916200071 0.25
8.069999999999872 0.8394007082752317 0.25
8.079999999999872 0.8364610599788612 0.25
8.089999999999872 0.833536073239535 0.25
8.099999999999872 0.8306256749324324 0.25
8.109999999999872 0.827729792297444 0.25
8.119999999999871 0.8248483529373533 0.25
8.129999999999871 0.821981284816026 0.25
8.139999999999871 0.8191285162566098 0.25
8.14999999999987 0.8162899759397421 0.25
8.15999999999987 0.8134655929017671 0.25
8.16999999999987 0.810655296532962 0.25
8.17999999999987 0.807859016575771 0.25
8.18999999999987 0.8050766831230496 0.25
8.19999999999987 0.8023082266163165 0.25
8.20999999999987 0.7995535778440149 0.25
8.21999999999987 0.796812667939782 0.25
8.229999999999869 0.7940854283807275 0.25
8.239999999999869 0.7913717909857203 0.25
8.249999999999869 0.7886716879136841 0.25
8.259999999999868 0.7859850516619017 0.25
8.269999999999868 0.7833118150643267 0.25
8.279999999999868 0.780651911289905 0.25
8.289999999999868 0.7780052738409037 0.25
8.299999999999867 0.7753718365512487 0.25
8.309999999999867 0.7727515335848707 0.25
8.319999999999867 0.7701442994340589 0.25
8.329999999999867 0.7675500689178238 0.25
8.339999999999867 0.7649687771802675 0.25
8.349999999999866 0.7624003596889619 0.25
8.359999999999866 0.7598447522333361 0.25
8.369999999999866 0.7573018909230707 0.25
8.379999999999866 0.7547717121865002 0.25
8.389999999999866 0.7522541527690246 0.25
8.399999999999865 0.7497491497315274 0.25
8.409999999999865 0.7472566404488021 0.25
8.419999999999865 0.7447765626079869 0.25
8.429999999999865 0.7423088542070064 0.25
8.439999999999864 0.7398534535530222 0.25
8.449999999999864 0.7374102992608902 0.25
8.459999999999864 0.7349793302516255 0.25
8.469999999999864 0.7325604857508765 0.25
8.479999999999864 0.7301537052874048 0.25
8.489999999999863 0.7277589286915731 0.25
8.499999999999863 0.725376096093842 0.25
8.509999999999863 0.7230051479232725 0.25
8.519999999999863 0.7206460249060369 0.25
8.529999999999863 0.7182986680639367 0.25
8.539999999999862 0.7159630187129287 0.25
8.549999999999862 0.7136390184616574 0.25
8.559999999999862 0.7113266092099956 0.25
8.569999999999862 0.7090257331475914 0.25
8.579999999999862 0.7067363327524236 0.25
8.589999999999861 0.7044583507893629 0.25
8.599999999999861 0.7021917303087417 0.25
8.60999999999986 0.6999364146449298 0.25
8.61999999999986 0.6976923474149184 0.25
8.62999999999986 0.6954594725169096 0.25
8.63999999999986 0.6932377341289149 0.25
8.64999999999986 0.6910270767073585 0.25
8.65999999999986 0.6888274449856902 0.25
8.66999999999986 0.6866387839730019 0.25
8.67999999999986 0.6844610389526546 0.25
8.68999999999986 0.6822941554809094 0.25
8.699999999999859 0.6801380793855666 0.25
8.709999999999859 0.6779927567646113 0.25
8.719999999999859 0.6758581339848666 0.25
8.729999999999858 0.6737341576806516 0.25
8.739999999999858 0.6716207747524481 0.25
8.749999999999858 0.6695179323655729 0.25
8.759999999999858 0.6674255779488567 0.25
8.769999999999857 0.6653436591933302 0.25
8.779999999999857 0.663272124050916 0.25
8.789999999999857 0.6612109207331276 0.25
8.799999999999857 0.6591599977097748 0.25
8.809999999999857 0.6571193037076752 0.25
8.819999999999856 0.6550887877093725 0.25
8.829999999999856 0.6530683989518609 0.25
8.839999999999856 0.6510580869253162 0.25
8.849999999999856 0.6490578013718331 0.25
8.859999999999856 0.6470674922841686 0.25
8.869999999999855 0.6450871099044919 0.25
8.879999999999855 0.6431166047231403 0.25
8.889999999999855 0.6411559274773815 0.25
8.899999999999855 0.6392050291501824 0.25
8.909999999999854 0.6372638609689831 0.25
8.919999999999854 0.6353323744044781 0.25
8.929999999999854 0.6334105211694026 0.25
8.939999999999854 0.6314982532173257 0.25
8.949999999999854 0.6295955227414489 0.25
8.959999999999853 0.6277022821734113 0.25
8.969999999999853 0.6258184841821 0.25
8.979999999999853 0.6239440816724671 0.25
8.989999999999853 0.6220790277843523 0.25
8.999999999999853 0.6202232758913113 0.25
9.009999999999852 0.6183767795994501 0.25
9.019999999999852 0.6165394927462652 0.25
9.029999999999852 0.6147113693994894 0.25
9.039999999999852 0.6128923638559441 0.25
9.049999999999851 0.6110824306403959 0.25
9.059999999999851 0.6092815245044201 0.25
9.069999999999851 0.6074896004252694 0.25
9.07999999999985 0.6057066136047488 0.25
9.08999999999985 0.6039325194680946 0.25
9.09999999999985 0.602167273662861 0.25
9.10999999999985 0.6004108320578112 0.25
9.11999999999985 0.5986631507418134 0.25
9.12999999999985 0.5969241860227437 0.25
9.13999999999985 0.5951938944263935 0.25
9.14999999999985 0.5934722326953827 0.25
9.15999999999985 0.5917591577880786 0.25
9.169999999999849 0.5900546268775193 0.25
9.179999999999849 0.588358597350343 0.25
9.189999999999849 0.5866710268057234 0.25
9.199999999999848 0.5849918730543089 0.25
9.209999999999848 0.5833210941171683 0.25
9.219999999999848 0.581658648224741 0.25
9.229999999999848 0.5800044938157933 0.25
9.239999999999847 0.5783585895363788 0.25
9.249999999999847 0.5767208942388046 0.25
9.259999999999847 0.575091366980603 0.25
9.269999999999847 0.5734699670235079 0.25
9.279999999999847 0.5718566538324359 0.25
9.289999999999846 0.570251387074473 0.25
9.299999999999846 0.5686541266178666 0.25
9.309999999999846 0.5670648325310224 0.25
9.319999999999846 0.5654834650815053 0.25
9.329999999999846 0.5639099847350466 0.25
9.339999999999845 0.5623443521545558 0.25
9.349999999999845 0.5607865281991368 0.25
9.359999999999845 0.5592364739231095 0.25
9.369999999999845 0.5576941505750364 0.25
9.379999999999844 0.5561595195967535 0.25
9.389999999999844 0.5546325426224064 0.25
9.399999999999844 0.553113181477491 0.25
9.409999999999844 0.5516013981778998 0.25
9.419999999999844 0.5500971549289714 0.25
9.429999999999843 0.5486004141245463 0.25
9.439999999999843 0.5471111383460264 0.25
9.449999999999843 0.5456292903614397 0.25
9.459999999999843 0.5441548331245094 0.25
9.469999999999843 0.5426877297737278 0.25
9.479999999999842 0.5412279436314348 0.25
9.489999999999842 0.5397754382029006 0.25
9.499999999999842 0.5383301771754141 0.25
9.509999999999842 0.5368921244173741 0.25
9.519999999999841 0.5354612439773869 0.25
9.529999999999841 0.5340375000833669 0.25
9.539999999999841 0.5326208571416426 0.25
9.54999999999984 0.5312112797360667 0.25
9.55999999999984 0.5298087326271307 0.25
9.56999999999984 0.5284131807510837 0.25
9.57999999999984 0.5270245892190561 0.25
9.58999999999984 0.5256429233161874 0.25
9.59999999999984 0.5242681485007581 0.25
9.60999999999984 0.5229002304033261 0.25
9.61999999999984 0.5215391348258678 0.25
9.62999999999984 0.5201848277409227 0.25
9.639999999999839 0.5188372752907433 0.25
9.649999999999839 0.5174964437864482 0.25
9.659999999999838 0.5161622997071798 0.25
9.669999999999838 0.5148348096992666 0.25
9.679999999999838 0.5135139405753895 0.25
9.689999999999838 0.5121996593137514 0.25
9.699999999999838 0.5108919330572526 0.25
9.709999999999837 0.5095907291126682 0.25
9.719999999999837 0.508296014949832 0.25
9.729999999999837 0.5070077582008226 0.25
9.739999999999837 0.5057259266591538 0.25
9.749999999999837 0.5044504882789707 0.25
9.759999999999836 0.5031814111742472 0.25
9.769999999999836 0.5019186636179895 0.25
9.779999999999836 0.5006622140414432 0.25
9.789999999999836 0.49941203103330317 0.25
9.799999999999836 0.4981680833389292 0.25
9.809999999999835 0.49693033985956414 0.25
9.819999999999835 0.49569876965155657 0.25
9.829999999999835 0.4944733419255871 0.25
9.839999999999835 0.49325402604589874 0.25
9.849999999999834 0.49204079152953106 0.25
9.859999999999834 0.49083360804555787 0.25
9.869999999999834 0.48963244541432926 0.25
9.879999999999834 0.48843727360671685 0.25
9.889999999999834 0.48724806274336324 0.25
9.899999999999833 0.4860647830939349 0.25
9.909999999999833 0.48488740507637895 0.25
9.919999999999833 0.48371589925618363 0.25
9.929999999999833 0.4825502363456424 0.25
9.939999999999833 0.4813903872031219 0.25
9.949999999999832 0.48023632283233303 0.25
9.959999999999832 0.4790880143816064 0.25
9.969999999999832 0.47794543314317106 0.25
9.979999999999832 0.4768085505524364 0.25
9.989999999999831 0.4756773381872786 0.25
9.999999999999831 0.47455176776732944 0.25
10.009999999999831 0.4784193319605876 1.25
10.01999999999983 0.4822676065969582 1.25
10.02999999999983 0.4860966878835077 1.25
10.03999999999983 0.4899066715474676 1.25
10.04999999999983 0.493697652838628 1.25
10.05999999999983 0.4974697265317185 1.25
10.06999999999983 0.501222986928778 1.25
10.07999999999983 0.5049575278615119 1.25
10.08999999999983 0.508673442693638 1.25
10.09999999999983 0.5123708243232207 1.25
10.109999999999829 0.5160497651849932 1.25
10.119999999999829 0.5197103572526688 1.25
10.129999999999828 0.5233526920412397 1.25
10.139999999999828 0.5269768606092654 1.25
10.149999999999828 0.5305829535611488 1.25
10.159999999999828 0.5341710610494016 1.25
10.169999999999828 0.5377412727768979 1.25
10.179999999999827 0.5412936779991167 1.25
10.189999999999827 0.5448283655263736 1.25
10.199999999999827 0.548345423726041 1.25
10.209999999999827 0.5518449405247571 1.25
10.219999999999827 0.5553270034106239 1.25
10.229999999999826 0.5587916994353952 1.25
10.239999999999826 0.5622391152166518 1.25
10.249999999999826 0.565669336939968 1.25
10.259999999999826 0.5690824503610654 1.25
10.269999999999825 0.5724785408079573 1.25
10.279999999999825 0.5758576931830819 1.25
10.289999999999825 0.5792199919654244 1.25
10.299999999999825 0.5825655212126296 1.25
10.309999999999825 0.5858943645631028 1.25
10.319999999999824 0.5892066052381013 1.25
10.329999999999824 0.5925023260438144 1.25
10.339999999999824 0.5957816093734338 1.25
10.349999999999824 0.5990445372092137 1.25
10.359999999999824 0.6022911911245199 1.25
10.369999999999823 0.6055216522858693 1.25
10.379999999999823 0.6087360014549592 1.25
10.389999999999823 0.6119343189906863 1.25
10.399999999999823 0.6151166848511556 1.25
10.409999999999823 0.6182831785956793 1.25
10.419999999999822 0.6214338793867659 1.25
10.429999999999822 0.6245688659920994 1.25
10.439999999999822 0.6276882167865081 1.25
10.449999999999822 0.6307920097539244 1.25
10.459999999999821 0.633880322489334 1.25
10.469999999999821 0.6369532322007163 1.25
10.479999999999821 0.6400108157109741 1.25
10.48999999999982 0.6430531494598544 1.25
10.49999999999982 0.6460803095058593 1.25
10.50999999999982 0.6490923715281477 1.25
10.51999999999982 0.652089410828427 1.25
10.52999999999982 0.6550715023328357 1.25
10.53999999999982 0.658038720593817 1.25
10.54999999999982 0.6609911397919817 1.25
10.55999999999982 0.6639288337379636 1.25
10.569999999999819 0.6668518758742644 1.25
10.579999999999819 0.6697603392770898 1.25
10.589999999999819 0.6726542966581762 1.25
10.599999999999818 0.675533820366609 1.25
10.609999999999818 0.6783989823906309 1.25
10.619999999999818 0.6812498543594416 1.25
10.629999999999818 0.6840865075449889 1.25
10.639999999999818 0.6869090128637501 1.25
10.649999999999817 0.6897174408785052 1.25
10.659999999999817 0.6925118618001008 1.25
10.669999999999817 0.6952923454892056 1.25
10.679999999999817 0.6980589614580566 1.25
10.689999999999817 0.700811778872197 1.25
10.699999999999816 0.7035508665522058 1.25
10.709999999999816 0.7062762929754174 1.25
10.719999999999816 0.7089881262776344 1.25
10.729999999999816 0.7116864342548306 1.25
10.739999999999815 0.714371284364846 1.25
10.749999999999815 0.7170427437290732 1.25
10.759999999999815 0.7197008791341354 1.25
10.769999999999815 0.7223457570335562 1.25
10.779999999999815 0.7249774435494208 1.25
10.789999999999814 0.7275960044740293 1.25
10.799999999999814 0.7302015052715409 1.25
10.809999999999814 0.7327940110796115 1.25
10.819999999999814 0.7353735867110213 1.25
10.829999999999814 0.7379402966552954 1.25
10.839999999999813 0.740494205080316 1.25
10.849999999999813 0.7430353758339269 1.25
10.859999999999813 0.7455638724455291 1.25
10.869999999999813 0.7480797581276698 1.25
10.879999999999812 0.750583095777622 1.25
10.889999999999812 0.7530739479789572 1.25
10.899999999999812 0.7555523770031104 1.25
10.909999999999812 0.7580184448109362 1.25
10.919999999999812 0.760472213054258 1.25
10.929999999999811 0.7629137430774101 1.25
10.939999999999811 0.76534309591877 1.25
10.949999999999811 0.7677603323122854 1.25
10.95999999999981 0.7701655126889918 1.25
10.96999999999981 0.7725586971785241 1.25
10.97999999999981 0.7749399456106191 1.25
10.98999999999981 0.7773093175166116 1.25
10.99999999999981 0.7796668721309227 1.25
11.00999999999981 0.7820126683925406 1.25
11.01999999999981 0.7843467649464939 1.25
11.02999999999981 0.786669220145318 1.25
11.039999999999809 0.788980092050514 1.25
11.049999999999809 0.7912794384339997 1.25
11.059999999999809 0.7935673167795546 1.25
11.069999999999808 0.7958437842842564 1.25
11.079999999999808 0.7981088978599113 1.25
11.089999999999808 0.8003627141344767 1.25
11.099999999999808 0.8026052894534768 1.25
11.109999999999808 0.8048366798814114 1.25
11.119999999999807 0.8070569412031574 1.25
11.129999999999807 0.8092661289253635 1.25
11.139999999999807 0.811464298277838 1.25
11.149999999999807 0.8136515042149288 1.25
11.159999999999807 0.8158278014168987 1.25
11.169999999999806 0.8179932442912907 1.25
11.179999999999806 0.8201478869742898 1.25
11.189999999999806 0.822291783332075 1.25
11.199999999999806 0.8244249869621669 1.25
11.209999999999805 0.8265475511947676 1.25
11.219999999999805 0.8286595290940934 1.25
11.229999999999805 0.8307609734597016 1.25
11.239999999999805 0.8328519368278109 1.25
11.249999999999805 0.8349324714726145 1.25
11.259999999999804 0.8370026294075867 1.25
11.269999999999804 0.839062462386784 1.25
11.279999999999804 0.8411120219061378 1.25
11.289999999999804 0.8431513592047429 1.25
11.299999999999804 0.8451805252661382 1.25
11.309999999999803 0.8471995708195807 1.25
11.319999999999803 0.8492085463413146 1.25
11.329999999999803 0.8512075020558324 1.25
11.339999999999803 0.8531964879371312 1.25
11.349999999999802 0.8551755537099615 1.25
11.359999999999802 0.8571447488510707 1.25
11.369999999999802 0.85910412259044 1.25
11.379999999999802 0.8610537239125149 1.25
11.389999999999802 0.86299360155743 1.25
11.399999999999801 0.8649238040222273 1.25
11.409999999999801 0.8668443795620693 1.25
11.419999999999801 0.8687553761914442 1.25
11.4299999999998 0.8706568416853673 1.25
11.4399999999998 0.8725488235805752 1.25
11.4499999999998 0.8744313691767136 1.25
11.4599999999998 0.8763045255375206 1.25
11.4699999999998 0.8781683394920027 1.25
11.4799999999998 0.8800228576356057 1.25
11.4899999999998 0.8818681263313801 1.25
11.4999999999998 0.8837041917111392 1.25
11.509999999999799 0.8855310996766133 1.25
11.519999999999799 0.8873488959005964 1.25
11.529999999999799 0.8891576258280889 1.25
11.539999999999798 0.8909573346774332 1.25
11.549999999999798 0.8927480674414443 1.25
11.559999999999798 0.8945298688885346 1.25
11.569999999999798 0.896302783563833 1.25
11.579999999999798 0.8980668557902987 1.25
11.589999999999797 0.8998221296698292 1.25
11.599999999999797 0.9015686490843631 1.25
11.609999999999797 0.9033064576969766 1.25
11.619999999999797 0.9050355989529756 1.25
11.629999999999797 0.9067561160809815 1.25
11.639999999999796 0.9084680520940122 1.25
11.649999999999796 0.9101714497905571 1.25
11.659999999999796 0.9118663517556473 1.25
11.669999999999796 0.9135528003619202 1.25
11.679999999999795 0.9152308377706789 1.25
11.689999999999795 0.916900505932946 1.25
11.699999999999795 0.9185618465905124 1.25
11.709999999999795 0.9202149012769811 1.25
11.719999999999795 0.9218597113188055 1.25
11.729999999999794 0.9234963178363222 1.25
11.739999999999794 0.9251247617447794 1.25
11.749999999999794 0.9267450837553597 1.25
11.759999999999794 0.9283573243761976 1.25
11.769999999999794 0.9299615239133926 1.25
11.779999999999793 0.9315577224720168 1.25
11.789999999999793 0.9331459599571172 1.25
11.799999999999793 0.9347262760747138 1.25
11.809999999999793 0.9362987103327918 1.25
11.819999999999792 0.9378633020422893 1.25
11.829999999999792 0.9394200903180808 1.25
11.839999999999792 0.9409691140799543 1.25
11.849999999999792 0.9425104120535843 1.25
11.859999999999792 0.9440440227715006 1.25
11.869999999999791 0.945569984574051 1.25
11.879999999999791 0.9470883356103599 1.25
11.889999999999791 0.9485991138392824 1.25
11.89999999999979 0.9501023570303531 1.25
11.90999999999979 0.9515981027647298 1.25
11.91999999999979 0.9530863884361338 1.25
11.92999999999979 0.9545672512517844 1.25
11.93999999999979 0.9560407282333292 1.25
11.94999999999979 0.9575068562177694 1.25
11.95999999999979 0.958965671858381 1.25
11.96999999999979 0.9604172116256311 1.25
11.979999999999789 0.9618615118080893 1.25
11.989999999999789 0.9632986085133355 1.25
11.999999999999789 0.9647285376688621 1.25
12.009999999999788 0.9661513350229727 1.25
12.019999999999788 0.967567036145675 1.25
12.029999999999788 0.9689756764295708 1.25
12.039999999999788 0.9703772910907407 1.25
12.049999999999788 0.9717719151696241 1.25
12.059999999999787 0.9731595835318958 1.25
12.069999999999787 0.974540330869337 1.25
12.079999999999787 0.975914191700703 1.25
12.089999999999787 0.9772812003725863 1.25
12.099999999999786 0.9786413910602747 1.25
12.109999999999786 0.9799947977686063 1.25
12.119999999999786 0.9813414543328194 1.25
12.129999999999786 0.9826813944193982 1.25
12.139999999999786 0.9840146515269146 1.25
12.149999999999785 0.9853412589868658 1.25
12.159999999999785 0.9866612499645073 1.25
12.169999999999785 0.9879746574596824 1.25
12.179999999999785 0.9892815143076468 1.25
12.189999999999785 0.9905818531798898 1.25
12.199999999999784 0.9918757065849508 1.25
12.209999999999784 0.9931631068692326 1.25
12.219999999999784 0.9944440862178091 1.25
12.229999999999784 0.9957186766552308 1.25
12.239999999999783 0.9969869100463251 1.25
12.249999999999783 0.9982488180969928 1.25
12.259999999999783 0.9995044323550009 1.25
12.269999999999783 1.0007537842107712 1.25
12.279999999999783 1.0019969048981652 1.25
12.289999999999782 1.0032338254952649 1.25
12.299999999999782 1.0044645769251495 1.25
12.309999999999782 1.005689189956669 1.25
12.319999999999782 1.0069076952052127 1.25
12.329999999999782 1.0081201231334755 1.25
12.339999999999781 1.0093265040522188 1.25
12.349999999999781 1.0105268681210282 1.25
12.359999999999781 1.011721245349068 1.25
12.36999999999978 1.0129096655958314 1.25
12.37999999999978 1.014092158571886 1.25
12.38999999999978 1.0152687538396181 1.25
12.39999999999978 1.0164394808139707 1.25
12.40999999999978 1.017604368763179 1.25
12.41999999999978 1.0187634468095024 1.25
12.42999999999978 1.0199167439299524 1.25
12.43999999999978 1.0210642889570172 1.25
12.449999999999779 1.022206110579382 1.25
12.459999999999779 1.0233422373426473 1.25
12.469999999999779 1.024472697650041 1.25
12.479999999999778 1.0255975197631295 1.25
12.489999999999778 1.0267167318025245 1.25
12.499999999999778 1.0278303617485853 1.25
12.509999999999778 1.0239509166348009 0.25
12.519999999999778 1.0200908203342423 0.25
12.529999999999777 1.016249976344301 0.25
12.539999999999777 1.012428288643677 0.25
12.549999999999777 1.0086256616899791 0.25
12.559999999999777 1.004842000417335 0.25
12.569999999999776 1.0010772102340164 0.25
12.579999999999776 0.9973311970200721 0.25
12.589999999999776 0.9936038671249768 0.25
12.599999999999776 0.9898951273652892 0.25
12.609999999999776 0.9862048850223218 0.25
12.619999999999775 0.9825330478398241 0.25
12.629999999999775 0.9788795240216751 0.25
12.639999999999775 0.9752442222295892 0.25
12.649999999999775 0.9716270515808322 0.25
12.659999999999775 0.9680279216459494 0.25
12.669999999999774 0.9644467424465052 0.25
12.679999999999774 0.9608834244528329 0.25
12.689999999999774 0.9573378785817972 0.25
12.699999999999774 0.9538100161945665 0.25
12.709999999999773 0.9502997490943975 0.25
12.719999999999773 0.9468069895244299 0.25
12.729999999999773 0.9433316501654924 0.25
12.739999999999773 0.93987364413392 0.25
12.749999999999773 0.936432884979382 0.25
12.759999999999772 0.9330092866827203 0.25
12.769999999999772 0.929602763653799 0.25
12.779999999999772 0.9262132307293651 0.25
12.789999999999772 0.9228406031709189 0.25
12.799999999999772 0.9194847966625957 0.25
12.809999999999771 0.9161457273090582 0.25
12.819999999999771 0.9128233116333985 0.25
12.829999999999771 0.9095174665750517 0.25
12.83999999999977 0.9062281094877193 0.25
12.84999999999977 0.9029551581373025 0.25
12.85999999999977 0.8996985306998473 0.25
12.86999999999977 0.8964581457594981 0.25
12.87999999999977 0.8932339223064626 0.25
12.88999999999977 0.8900257797349865 0.25
12.89999999999977 0.8868336378413386 0.25
12.90999999999977 0.8836574168218051 0.25
12.919999999999769 0.8804970372706952 0.25
12.929999999999769 0.8773524201783555 0.25
12.939999999999769 0.8742234869291948 0.25
12.949999999999768 0.871110159299719 0.25
12.959999999999768 0.8680123594565753 0.25
12.969999999999768 0.8649300099546061 0.25
12.979999999999768 0.8618630337349135 0.25
12.989999999999768 0.8588113541229321 0.25
12.999999999999767 0.8557748948265127 0.25
13.009999999999767 0.8527535799340148 0.25
13.019999999999767 0.8497473339124086 0.25
13.029999999999767 0.8467560816053872 0.25
13.039999999999766 0.8437797482314869 0.25
13.049999999999766 0.8408182593822185 0.25
13.059999999999766 0.8378715410202066 0.25
13.069999999999766 0.8349395194773384 0.25
13.079999999999766 0.8320221214529228 0.25
13.089999999999765 0.8291192740118571 0.25
13.099999999999765 0.8262309045828043 0.25
13.109999999999765 0.8233569409563781 0.25
13.119999999999765 0.8204973112833381 0.25
13.129999999999765 0.8176519440727937 0.25
13.139999999999764 0.8148207681904164 0.25
13.149999999999764 0.8120037128566615 0.25
13.159999999999764 0.8092007076449991 0.25
13.169999999999764 0.8064116824801528 0.25
13.179999999999763 0.8036365676363484 0.25
13.189999999999763 0.8008752937355702 0.25
13.199999999999763 0.7981277917458268 0.25
13.209999999999763 0.7953939929794254 0.25
13.219999999999763 0.7926738290912544 0.25
13.229999999999762 0.789967232077075 0.25
13.239999999999762 0.7872741342718208 0.25
13.249999999999762 0.7845944683479065 0.25
13.259999999999762 0.7819281673135443 0.25
13.269999999999762 0.7792751645110696 0.25
13.279999999999761 0.7766353936152741 0.25
13.289999999999761 0.774008788631748 0.25
13.299999999999761 0.7713952838952298 0.25
13.30999999999976 0.768794814067965 0.25
13.31999999999976 0.7662073141380725 0.25
13.32999999999976 0.7636327194179193 0.25
13.33999999999976 0.7610709655425033 0.25
13.34999999999976 0.7585219884678441 0.25
13.35999999999976 0.7559857244693822 0.25
13.36999999999976 0.7534621101403854 0.25
13.37999999999976 0.7509510823903642 0.25
13.389999999999759 0.748452578443494 0.25
13.399999999999759 0.745966535837046 0.25
13.409999999999759 0.7434928924198254 0.25
13.419999999999758 0.7410315863506182 0.25
13.429999999999758 0.7385825560966442 0.25
13.439999999999758 0.7361457404320197 0.25
13.449999999999758 0.7337210784362262 0.25
13.459999999999757 0.7313085094925874 0.25
13.469999999999757 0.728907973286754 0.25
13.479999999999757 0.726519409805196 0.25
13.489999999999757 0.7241427593337019 0.25
13.499999999999757 0.721777962455886 0.25
13.509999999999756 0.7194249600517033 0.25
13.519999999999756 0.7170836932959712 0.25
13.529999999999756 0.7147541036568987 0.25
13.539999999999756 0.7124361328946236 0.25
13.549999999999756 0.7101297230597561 0.25
13.559999999999755 0.7078348164919301 0.25
13.569999999999755 0.7055513558183621 0.25
13.579999999999755 0.7032792839524162 0.25
13.589999999999755 0.7010185440921775 0.25
13.599999999999755 0.6987690797190316 0.25
13.609999999999754 0.6965308345962521 0.25
13.619999999999754 0.6943037527675944 0.25
13.629999999999754 0.6920877785558966 0.25
13.639999999999754 0.6898828565616882 0.25
13.649999999999753 0.6876889316618044 0.25
13.659999999999753 0.6855059490080085 0.25
13.669999999999753 0.6833338540256204 0.25
13.679999999999753 0.6811725924121524 0.25
13.689999999999753 0.6790221101359517 0.25
13.699999999999752 0.6768823534348494 0.25
13.709999999999752 0.6747532688148163 0.25
13.719999999999752 0.6726348030486262 0.25
13.729999999999752 0.6705269031745246 0.25
13.739999999999752 0.6684295164949048 0.25
13.749999999999751 0.6663425905749906 0.25
13.759999999999751 0.6642660732415253 0.25
13.76999999999975 0.6621999125814675 0.25
13.77999999999975 0.6601440569406929 0.25
13.78999999999975 0.6580984549227036 0.25
13.79999999999975 0.6560630553873423 0.25
13.80999999999975 0.654037807449515 0.25
13.81999999999975 0.6520226604779176 0.25
13.82999999999975 0.6500175640937708 0.25
13.83999999999975 0.6480224681695606 0.25
13.84999999999975 0.6460373228277849 0.25
13.859999999999749 0.644062078439707 0.25
13.869999999999749 0.6420966856241141 0.25
13.879999999999749 0.6401410952460835 0.25
13.889999999999748 0.638195258415754 0.25
13.899999999999748 0.6362591264871034 0.25
13.909999999999748 0.6343326510567326 0.25
13.919999999999748 0.6324157839626556 0.25
13.929999999999747 0.6305084772830951 0.25
13.939999999999747 0.6286106833352849 0.25
13.949999999999747 0.6267223546742774 0.25
13.959999999999747 0.6248434440917577 0.25
13.969999999999747 0.6229739046148635 0.25
13.979999999999746 0.6211136895050103 0.25
13.989999999999746 0.6192627522567237 0.25
13.999999999999746 0.6174210465964758 0.25
14.009999999999746 0.6155885264815295 0.25
14.019999999999746 0.6137651460987863 0.25
14.029999999999745 0.6119508598636416 0.25
14.039999999999745 0.6101456224188452 0.25
14.049999999999745 0.6083493886333668 0.25
14.059999999999745 0.6065621136012684 0.25
14.069999999999744 0.6047837526405809 0.25
14.079999999999744 0.6030142612921878 0.25
14.089999999999744 0.6012535953187131 0.25
14.099999999999744 0.599501710703416 0.25
14.109999999999744 0.5977585636490895 0.25
14.119999999999743 0.5960241105769668 0.25
14.129999999999743 0.5942983081256306 0.25
14.139999999999743 0.5925811131499297 0.25
14.149999999999743 0.5908724827199003 0.25
14.159999999999743 0.5891723741196928 0.25
14.169999999999742 0.5874807448465036 0.25
14.179999999999742 0.5857975526095126 0.25
14.189999999999742 0.5841227553288263 0.25
14.199999999999742 0.5824563111344254 0.25
14.209999999999742 0.5807981783651184 0.25
14.219999999999741 0.5791483155674996 0.25
14.229999999999741 0.577506681494913 0.25
14.23999999999974 0.5758732351064215 0.25
14.24999999999974 0.5742479355657804 0.25
14.25999999999974 0.5726307422404162 0.25
14.26999999999974 0.5710216147004118 0.25
14.27999999999974 0.5694205127174947 0.25
14.28999999999974 0.5678273962640321 0.25
14.29999999999974 0.5662422255120296 0.25
14.30999999999974 0.5646649608321359 0.25
14.31999999999974 0.5630955627926518 0.25
14.329999999999739 0.5615339921585447 0.25
14.339999999999739 0.5599802098904672 0.25
14.349999999999739 0.5584341771437817 0.25
14.359999999999738 0.5568958552675892 0.25
14.369999999999738 0.5553652058037626 0.25
14.379999999999738 0.5538421904859855 0.25
14.389999999999738 0.5523267712387956 0.25
14.399999999999737 0.550818910176633 0.25
14.409999999999737 0.5493185696028924 0.25
14.419999999999737 0.5478257120089813 0.25
14.429999999999737 0.5463403000733824 0.25
14.439999999999737 0.5448622966607197 0.25
14.449999999999736 0.5433916648208309 0.25
14.459999999999736 0.5419283677878435 0.25
14.469999999999736 0.5404723689792553 0.25
14.479999999999736 0.5390236319950203 0.25
14.489999999999736 0.5375821206166387 0.25
14.499999999999735 0.5361477988062506 0.25
14.509999999999735 0.5347206307057363 0.25
14.519999999999735 0.5333005806358189 0.25
14.529999999999735 0.5318876130951725 0.25
14.539999999999734 0.5304816927595353 0.25
14.549999999999734 0.5290827844808255 0.25
14.559999999999734 0.5276908532862632 0.25
14.569999999999734 0.5263058643774962 0.25
14.579999999999734 0.5249277831297294 0.25
14.589999999999733 0.5235565750908602 0.25
14.599999999999733 0.5221922059806159 0.25
14.609999999999733 0.5208346416896978 0.25
14.619999999999733 0.519483848278928 0.25
14.629999999999733 0.5181397919784008 0.25
14.639999999999732 0.5168024391866386 0.25
14.649999999999732 0.5154717564697522 0.25
14.659999999999732 0.514147710560604 0.25
14.669999999999732 0.5128302683579777 0.25
14.679999999999731 0.5115193969257494 0.25
14.689999999999731 0.510215063492065 0.25
14.699999999999731 0.5089172354485209 0.25
14.70999999999973 0.5076258803493482 0.25
14.71999999999973 0.5063409659106023 0.25
14.72999999999973 0.5050624600093552 0.25
14.73999999999973 0.5037903306828928 0.25
14.74999999999973 0.5025245461279159 0.25
14.75999999999973 0.5012650746997445 0.25
14.76999999999973 0.5000118849115273 0.25
14.77999999999973 0.4987649454334543 0.25
14.78999999999973 0.4975242250919737 0.25
14.799999999999729 0.49628969286901226 0.25
14.809999999999729 0.49506131790120017 0.25
14.819999999999729 0.4938390694790993 0.25
14.829999999999728 0.4926229170464353 0.25
14.839999999999728 0.4914128301993341 0.25
14.849999999999728 0.4902087786855615 0.25
14.859999999999728 0.4890107324037669 0.25
14.869999999999727 0.4878186614027309 0.25
14.879999999999727 0.48663253588061633 0.25
14.889999999999727 0.4854523261842234 0.25
14.899999999999727 0.48427800280824823 0.25
14.909999999999727 0.48310953639454524 0.25
14.919999999999726 0.48194689773139326 0.25
14.929999999999726 0.4807900577527652 0.25
14.939999999999726 0.4796389875376012 0.25
14.949999999999726 0.4784936583090861 0.25
14.959999999999726 0.47735404143392934 0.25
14.969999999999725 0.47622010842164986 0.25
14.979999999999725 0.4750918309238632 0.25
14.989999999999725 0.4739691807335732 0.25
14.999999999999725 0.4728521297844666 0.25
15.009999999999724 0.4767281709575292 1.25
15.019999999999724 0.4805848802945911 1.25
15.029999999999724 0.4844223542135867 1.25
15.039999999999724 0.48824068865156367 1.25
15.049999999999724 0.49203997906708197 1.25
15.059999999999723 0.4958203204425998 1.25
15.069999999999723 0.49958180728684853 1.25
15.079999999999723 0.5033245336371951 1.25
15.089999999999723 0.5070485930619932 1.25
15.099999999999723 0.5107540786629224 1.25
15.109999999999722 0.5144410830773158 1.25
15.119999999999722 0.5181096984804758 1.25
15.129999999999722 0.5217600165879784 1.25
15.139999999999722 0.5253921286579666 1.25
15.149999999999721 0.5290061254934312 1.25
15.159999999999721 0.5326020974444813 1.25
15.169999999999721 0.536180134410603 1.25
15.17999999999972 0.5397403258429068 1.25
15.18999999999972 0.543282760746364 1.25
15.19999999999972 0.5468075276820316 1.25
15.20999999999972 0.5503147147692666 1.25
15.21999999999972 0.5538044096879289 1.25
15.22999999999972 0.5572766996805731 1.25
15.23999999999972 0.5607316715546301 1.25
15.24999999999972 0.5641694116845765 1.25
15.25999999999972 0.5675900060140946 1.25
15.269999999999719 0.5709935400582208 1.25
15.279999999999719 0.5743800989054835 1.25
15.289999999999718 0.5777497672200302 1.25
15.299999999999718 0.5811026292437445 1.25
15.309999999999718 0.5844387687983513 1.25
15.319999999999718 0.5877582692875135 1.25
15.329999999999718 0.5910612136989161 1.25
15.339999999999717 0.5943476846063414 1.25
15.349999999999717 0.5976177641717333 1.25
15.359999999999717 0.6008715341472513 1.25
15.369999999999717 0.604109075877314 1.25
15.379999999999717 0.6073304703006336 1.25
15.389999999999716 0.6105357979522382 1.25
15.399999999999716 0.6137251389654862 1.25
15.409999999999716 0.616898573074069 1.25
15.419999999999716 0.6200561796140046 1.25
15.429999999999715 0.623198037525621 1.25
15.439999999999715 0.6263242253555295 1.25
15.449999999999715 0.6294348212585887 1.25
15.459999999999715 0.6325299029998583 1.25
15.469999999999715 0.635609547956543 1.25
15.479999999999714 0.6386738331199271 1.25
15.489999999999714 0.6417228350972992 1.25
15.499999999999714 0.6447566301138676 1.25
15.509999999999714 0.6477752940146658 1.25
15.519999999999714 0.6507789022664484 1.25
15.529999999999713 0.6537675299595782 1.25
15.539999999999713 0.6567412518099033 1.25
15.549999999999713 0.6597001421606247 1.25
15.559999999999713 0.6626442749841552 1.25
15.569999999999713 0.665573723883969 1.25
15.579999999999712 0.6684885620964408 1.25
15.589999999999712 0.671388862492678 1.25
15.599999999999712 0.6742746975803415 1.25
15.609999999999712 0.6771461395054589 1.25
15.619999999999711 0.6800032600542276 1.25
15.629999999999711 0.6828461306548104 1.25
15.639999999999711 0.6856748223791203 1.25
15.64999999999971 0.6884894059445976 1.25
15.65999999999971 0.6912899517159783 1.25
15.66999999999971 0.6940765297070524 1.25
15.67999999999971 0.6968492095824147 1.25
15.68999999999971 0.6996080606592067 1.25
15.69999999999971 0.7023531519088488 1.25
15.70999999999971 0.7050845519587654 1.25
15.71999999999971 0.7078023290940999 1.25
15.729999999999709 0.7105065512594223 1.25
15.739999999999709 0.7131972860604275 1.25
15.749999999999709 0.7158746007656257 1.25
15.759999999999708 0.718538562308024 1.25
15.769999999999708 0.7211892372867997 1.25
15.779999999999708 0.7238266919689653 1.25
15.789999999999708 0.7264509922910253 1.25
15.799999999999708 0.7290622038606243 1.25
15.809999999999707 0.7316603919581877 1.25
15.819999999999707 0.7342456215385531 1.25
15.829999999999707 0.7368179572325948 1.25
15.839999999999707 0.739377463348839 1.25
15.849999999999707 0.7419242038750721 1.25
15.859999999999706 0.7444582424799396 1.25
15.869999999999706 0.7469796425145389 1.25
15.879999999999706 0.749488467014002 1.25
15.889999999999706 0.7519847786990721 1.25
15.899999999999705 0.7544686399776714 1.25
15.909999999999705 0.7569401129464612 1.25
15.919999999999705 0.7593992593923944 1.25
15.929999999999705 0.7618461407942603 1.25
15.939999999999705 0.7642808183242213 1.25
15.949999999999704 0.7667033528493425 1.25
15.959999999999704 0.7691138049331133 1.25
15.969999999999704 0.7715122348369612 1.25
15.979999999999704 0.7738987025217587 1.25
15.989999999999704 0.7762732676493225 1.25
15.999999999999703 0.7786359895839041 1.25
16.009999999999703 0.7809869273936751 1.25
16.019999999999705 0.7833261398522031 1.25
16.029999999999706 0.7856536854399215 1.25
16.039999999999708 0.7879696223455912 1.25
16.04999999999971 0.7902740084677554 1.25
16.05999999999971 0.7925669014161872 1.25
16.069999999999713 0.7948483585133298 1.25
16.079999999999714 0.7971184367957294 1.25
16.089999999999716 0.7993771930154612 1.25
16.099999999999717 0.8016246836415485 1.25
16.10999999999972 0.8038609648613739 1.25
16.11999999999972 0.8060860925820845 1.25
16.129999999999722 0.808300122431989 1.25
16.139999999999723 0.8105031097619491 1.25
16.149999999999725 0.8126951096467627 1.25
16.159999999999727 0.8148761768865413 1.25
16.169999999999728 0.8170463660080793 1.25
16.17999999999973 0.8192057312662179 1.25
16.18999999999973 0.8213543266452008 1.25
16.199999999999733 0.8234922058600246 1.25
16.209999999999734 0.8256194223577809 1.25
16.219999999999736 0.8277360293189929 1.25
16.229999999999738 0.829842079658945 1.25
16.23999999999974 0.8319376260290052 1.25
16.24999999999974 0.8340227208179423 1.25
16.259999999999742 0.8360974161532342 1.25
16.269999999999744 0.8381617639023724 1.25
16.279999999999745 0.8402158156741584 1.25
16.289999999999747 0.8422596228199932 1.25
16.29999999999975 0.8442932364351621 1.25
16.30999999999975 0.8463167073601112 1.25
16.31999999999975 0.8483300861817191 1.25
16.329999999999753 0.8503334232345613 1.25
16.339999999999755 0.8523267686021683 1.25
16.349999999999756 0.8543101721182782 1.25
16.359999999999758 0.8562836833680822 1.25
16.36999999999976 0.8582473516894644 1.25
16.37999999999976 0.860201226174235 1.25
16.389999999999763 0.8621453556693579 1.25
16.399999999999764 0.8640797887781717 1.25
16.409999999999766 0.866004573861605 1.25
16.419999999999767 0.867919759039385 1.25
16.42999999999977 0.8698253921912411 1.25
16.43999999999977 0.8717215209581011 1.25
16.449999999999772 0.873608192743283 1.25
16.459999999999773 0.8754854547136799 1.25
16.469999999999775 0.8773533538009386 1.25
16.479999999999777 0.8792119367026336 1.25
16.489999999999778 0.8810612498834343 1.25
16.49999999999978 0.8829013395762664 1.25
16.50999999999978 0.8847322517834681 1.25
16.519999999999783 0.8865540322779402 1.25
16.529999999999784 0.8883667266042896 1.25
16.539999999999786 0.8901703800799692 1.25
16.549999999999788 0.8919650377964096 1.25
16.55999999999979 0.8937507446201471 1.25
16.56999999999979 0.8955275451939455 1.25
16.579999999999792 0.8972954839379117 1.25
16.589999999999794 0.8990546050506063 1.25
16.599999999999795 0.9008049525101487 1.25
16.609999999999797 0.9025465700753166 1.25
16.6199999999998 0.9042795012866398 1.25
16.6299999999998 0.9060037894674889 1.25
16.6399999999998 0.9077194777251583 1.25
16.649999999999803 0.9094266089519436 1.25
16.659999999999805 0.9111252258262146 1.25
16.669999999999806 0.9128153708134814 1.25
16.679999999999808 0.9144970861674568 1.25
16.68999999999981 0.9161704139311124 1.25
16.69999999999981 0.9178353959377292 1.25
16.709999999999813 0.9194920738119443 1.25
16.719999999999814 0.9211404889707906 1.25
16.729999999999816 0.9227806826247331 1.25
16.739999999999817 0.9244126957786986 1.25
16.74999999999982 0.9260365692331007 1.25
16.75999999999982 0.9276523435848607 1.25
16.769999999999822 0.9292600592284213 1.25
16.779999999999824 0.9308597563567573 1.25
16.789999999999825 0.9324514749623805 1.25
16.799999999999827 0.9340352548383386 1.25
16.809999999999828 0.9356111355792112 1.25
16.81999999999983 0.9371791565820988 1.25
16.82999999999983 0.9387393570476082 1.25
16.839999999999833 0.9402917759808324 1.25
16.849999999999834 0.9418364521923254 1.25
16.859999999999836 0.943373424299073 1.25
16.869999999999838 0.9449027307254579 1.25
16.87999999999984 0.9464244097042205 1.25
16.88999999999984 0.9479384992774145 1.25
16.899999999999842 0.949445037297358 1.25
16.909999999999844 0.9509440614275799 1.25
16.919999999999845 0.9524356091437618 1.25
16.929999999999847 0.9539197177346741 1.25
16.93999999999985 0.9553964243031089 1.25
16.94999999999985 0.9568657657668074 1.25
16.95999999999985 0.9583277788593826 1.25
16.969999999999853 0.959782500131238 1.25
16.979999999999855 0.9612299659504812 1.25
16.989999999999856 0.9626702125038329 1.25
16.999999999999858 0.9641032757975322 1.25
17.00999999999986 0.965529191658236 1.25
17.01999999999986 0.9669479957339151 1.25
17.029999999999863 0.9683597234947452 1.25
17.039999999999864 0.9697644102339938 1.25
17.049999999999866 0.9711620910689027 1.25
17.059999999999867 0.9725528009415656 1.25
17.06999999999987 0.9739365746198015 1.25
17.07999999999987 0.9753134466980247 1.25
17.089999999999872 0.9766834515981087 1.25
17.099999999999874 0.9780466235702474 1.25
17.109999999999875 0.9794029966938111 1.25
17.119999999999877 0.9807526048781986 1.25
17.129999999999878 0.9820954818636847 1.25
17.13999999999988 0.983431661222264 1.25
17.14999999999988 0.98476117635849 1.25
17.159999999999883 0.9860840605103105 1.25
17.169999999999884 0.9874003467498982 1.25
17.179999999999886 0.9887100679844775 1.25
17.189999999999888 0.9900132569571476 1.25
17.19999999999989 0.9913099462477006 1.25
17.20999999999989 0.9926001682734363 1.25
17.219999999999892 0.9938839552899726 1.25
17.229999999999894 0.9951613393920518 1.25
17.239999999999895 0.9964323525143428 1.25
17.249999999999897 0.9976970264322401 1.25
17.2599999999999 0.9989553927626574 1.25
17.2699999999999 1.0002074829648187 1.25
17.2799999999999 1.0014533283410438 1.25
17.289999999999903 1.0026929600375325 1.25
17.299999999999905 1.0039264090451414 1.25
17.309999999999906 1.00515370620016 1.25
17.319999999999908 1.0063748821850815 1.25
17.32999999999991 1.0075899675293687 1.25
17.33999999999991 1.0087989926102185 1.25
17.349999999999913 1.010001987653321 1.25
17.359999999999914 1.011198982733615 1.25
17.369999999999916 1.0123900077760397 1.25
17.379999999999917 1.0135750925562834 1.25
17.38999999999992 1.014754266701527 1.25
17.39999999999992 1.0159275596911859 1.25
17.409999999999922 1.0170950008576458 1.25
17.419999999999924 1.0182566193869966 1.25
17.429999999999925 1.019412444319762 1.25
17.439999999999927 1.0205625045516258 1.25
17.44999999999993 1.0217068288341533 1.25
17.45999999999993 1.0228454457755114 1.25
17.46999999999993 1.023978383841183 1.25
17.479999999999933 1.0251056713546784 1.25
17.489999999999934 1.0262273364982448 1.25
17.499999999999936 1.0273434073135688 1.25
17.509999999999938 1.0234663908951611 0.25
17.51999999999994 1.0196087111768106 0.25
17.52999999999994 1.0157702717163235 0.25
17.539999999999942 1.011950976552513 0.25
17.549999999999944 1.0081507302028014 0.25
17.559999999999945 1.0043694376608319 0.25
17.569999999999947 1.000607004394094 0.25
17.57999999999995 0.9968633363415601 0.25
17.58999999999995 0.9931383399113338 0.25
17.59999999999995 0.9894319219783105 0.25
17.609999999999953 0.9857439898818489 0.25
17.619999999999955 0.9820744514234542 0.25
17.629999999999956 0.978423214864474 0.25
17.639999999999958 0.9747901889238042 0.25
17.64999999999996 0.971175282775607 0.25
17.65999999999996 0.9675784060470405 0.25
17.669999999999963 0.963999468815999 0.25
17.679999999999964 0.9604383816088654 0.25
17.689999999999966 0.9568950553982741 0.25
17.699999999999967 0.9533694016008852 0.25
17.70999999999997 0.9498613320751702 0.25
17.71999999999997 0.9463707591192082 0.25
17.729999999999972 0.9428975954684935 0.25
17.739999999999974 0.939441754293754 0.25
17.749999999999975 0.9360031491987802 0.25
17.759999999999977 0.9325816942182659 0.25
17.76999999999998 0.9291773038156581 0.25
17.77999999999998 0.9257898928810195 0.25
17.78999999999998 0.9224193767289005 0.25
17.799999999999983 0.9190656710962215 0.25
17.809999999999985 0.9157286921401672 0.25
17.819999999999986 0.9124083564360898 0.25
17.829999999999988 0.9091045809754237 0.25
17.83999999999999 0.9058172831636103 0.25
17.84999999999999 0.9025463808180333 0.25
17.859999999999992 0.8992917921659636 0.25
17.869999999999994 0.8960534358425152 0.25
17.879999999999995 0.8928312308886116 0.25
17.889999999999997 0.8896250967489611 0.25
17.9 0.8864349532700431 0.25
17.91 0.8832607206981045 0.25
17.92 0.8801023196771657 0.25
17.930000000000003 0.8769596712470367 0.25
17.940000000000005 0.873832696841343 0.25
17.950000000000006 0.8707213182855618 0.25
17.960000000000008 0.8676254577950668 0.25
17.97000000000001 0.8645450379731848 0.25
17.98000000000001 0.8614799818092598 0.25
17.990000000000013 0.8584302126767278 0.25
18.000000000000014 0.8553956543312019 0.25
18.010000000000016 0.8523762309085653 0.25
18.020000000000017 0.8493718669230752 0.25
18.03000000000002 0.8463824872654755 0.25
18.04000000000002 0.843408017201119 0.25
18.050000000000022 0.8404483823680993 0.25
18.060000000000024 0.8375035087753913 0.25
18.070000000000025 0.8345733228010018 0.25
18.080000000000027 0.831657751190129 0.25
18.09000000000003 0.8287567210533305 0.25
18.10000000000003 0.8258701598647021 0.25
18.11000000000003 0.8229979954600636 0.25
18.120000000000033 0.8201401560351552 0.25
18.130000000000035 0.8172965701438425 0.25
18.140000000000036 0.8144671666963301 0.25
18.150000000000038 0.8116518749573846 0.25
18.16000000000004 0.8088506245445656 0.25
18.17000000000004 0.8060633454264671 0.25
18.180000000000042 0.8032899679209659 0.25
18.190000000000044 0.8005304226934798 0.25
18.200000000000045 0.7977846407552347 0.25
18.210000000000047 0.7950525534615389 0.25
18.22000000000005 0.7923340925100678 0.25
18.23000000000005 0.7896291899391561 0.25
18.24000000000005 0.7869377781260986 0.25
18.250000000000053 0.7842597897854597 0.25
18.260000000000055 0.7815951579673915 0.25
18.270000000000056 0.7789438160559599 0.25
18.280000000000058 0.7763056977674787 0.25
18.29000000000006 0.7736807371488535 0.25
18.30000000000006 0.7710688685759322 0.25
18.310000000000063 0.7684700267518643 0.25
18.320000000000064 0.7658841467054688 0.25
18.330000000000066 0.76331116378961 0.25
18.340000000000067 0.7607510136795809 0.25
18.35000000000007 0.7582036323714954 0.25
18.36000000000007 0.7556689561806881 0.25
18.370000000000072 0.7531469217401223 0.25
18.380000000000074 0.7506374659988057 0.25
18.390000000000075 0.7481405262202139 0.25
18.400000000000077 0.7456560399807224 0.25
18.41000000000008 0.7431839451680459 0.25
18.42000000000008 0.7407241799796852 0.25
18.43000000000008 0.7382766829213826 0.25
18.440000000000083 0.7358413928055841 0.25
18.450000000000085 0.7334182487499101 0.25
18.460000000000086 0.7310071901756329 0.25
18.470000000000088 0.7286081568061624 0.25
18.48000000000009 0.7262210886655398 0.25
18.49000000000009 0.723845926076937 0.25
18.500000000000092 0.7214826096611655 0.25
18.510000000000094 0.719131080335192 0.25
18.520000000000095 0.7167912793106608 0.25
18.530000000000097 0.7144631480924244 0.25
18.5400000000001 0.7121466284770812 0.25
18.5500000000001 0.70984166255152 0.25
18.5600000000001 0.7075481926914728 0.25
18.570000000000103 0.7052661615600735 0.25
18.580000000000105 0.702995512106425 0.25
18.590000000000106 0.7007361875641727 0.25
18.600000000000108 0.6984881314500853 0.25
18.61000000000011 0.696251287562643 0.25
18.62000000000011 0.694025599980632 0.25
18.630000000000113 0.6918110130617469 0.25
18.640000000000114 0.6896074714411993 0.25
18.650000000000116 0.687414920030334 0.25
18.660000000000117 0.6852333040152515 0.25
18.67000000000012 0.6830625688554378 0.25
18.68000000000012 0.6809026602824009 0.25
18.690000000000122 0.6787535242983138 0.25
18.700000000000124 0.6766151071746651 0.25
18.710000000000125 0.6744873554509154 0.25
18.720000000000127 0.6723702159331607 0.25
18.73000000000013 0.6702636356928028 0.25
18.74000000000013 0.6681675620652259 0.25
18.75000000000013 0.6660819426484803 0.25
18.760000000000133 0.6640067253019719 0.25
18.770000000000135 0.6619418581451588 0.25
18.780000000000136 0.6598872895562548 0.25
18.790000000000138 0.6578429681709379 0.25
18.80000000000014 0.6558088428810671 0.25
18.81000000000014 0.6537848628334042 0.25
18.820000000000142 0.6517709774283427 0.25
18.830000000000144 0.6497671363186425 0.25
18.840000000000146 0.6477732894081714 0.25
18.850000000000147 0.6457893868506529 0.25
18.86000000000015 0.6438153790484198 0.25
18.87000000000015 0.6418512166511741 0.25
18.88000000000015 0.6398968505547535 0.25
18.890000000000153 0.637952231899904 0.25
18.900000000000155 0.6360173120710579 0.25
18.910000000000156 0.6340920426951187 0.25
18.920000000000158 0.6321763756402516 0.25
18.93000000000016 0.6302702630146806 0.25
18.94000000000016 0.6283736571654908 0.25
18.950000000000163 0.626486510677437 0.25
18.960000000000164 0.6246087763717588 0.25
18.970000000000166 0.6227404073050009 0.25
18.980000000000167 0.6208813567678392 0.25
18.99000000000017 0.6190315782839133 0.25
19.00000000000017 0.617191025608665 0.25
19.010000000000172 0.6153596527281815 0.25
19.020000000000174 0.6135374138580454 0.25
19.030000000000175 0.61172426344219 0.25
19.040000000000177 0.6099201561517604 0.25
19.05000000000018 0.6081250468839805 0.25
19.06000000000018 0.606338890761025 0.25
19.07000000000018 0.6045616431288978 0.25
19.080000000000183 0.6027932595563157 0.25
19.090000000000185 0.6010336958335971 0.25
19.100000000000186 0.5992829079715574 0.25
19.110000000000188 0.5975408522004089 0.25
19.12000000000019 0.5958074849686664 0.25
19.13000000000019 0.5940827629420591 0.25
19.140000000000192 0.5923666430024461 0.25
19.150000000000194 0.5906590822467399 0.25
19.160000000000196 0.5889600379858326 0.25
19.170000000000197 0.5872694677435291 0.25
19.1800000000002 0.5855873292554852 0.25
19.1900000000002 0.5839135804681512 0.25
19.200000000000202 0.5822481795377203 0.25
19.210000000000203 0.5805910848290825 0.25
19.220000000000205 0.5789422549147838 0.25
19.230000000000206 0.5773016485739904 0.25
19.240000000000208 0.5756692247914582 0.25
19.25000000000021 0.5740449427565077 0.25
19.26000000000021 0.5724287618620036 0.25
19.270000000000213 0.5708206417033392 0.25
19.280000000000214 0.5692205420774268 0.25
19.290000000000216 0.5676284229816924 0.25
19.300000000000217 0.5660442446130757 0.25
19.31000000000022 0.564467967367035 0.25
19.32000000000022 0.5628995518365569 0.25
19.330000000000222 0.5613389588111717 0.25
19.340000000000224 0.5597861492759724 0.25
19.350000000000225 0.5582410844106396 0.25
19.360000000000227 0.5567037255884714 0.25
19.37000000000023 0.555174034375417 0.25
19.38000000000023 0.5536519725291165 0.25
19.39000000000023 0.5521375019979444 0.25
19.400000000000233 0.5506305849200587 0.25
19.410000000000235 0.5491311836224537 0.25
19.420000000000236 0.5476392606200191 0.25
19.430000000000238 0.5461547786146022 0.25
19.44000000000024 0.5446777004940753 0.25
19.45000000000024 0.5432079893314086 0.25
19.460000000000242 0.5417456083837464 0.25
19.470000000000244 0.5402905210914889 0.25
19.480000000000246 0.538842691077378 0.25
19.490000000000247 0.537402082145588 0.25
19.50000000000025 0.5359686582808205 0.25
19.51000000000025 0.5345423836474041 0.25
19.520000000000252 0.533123222588399 0.25
19.530000000000253 0.5317111396247045 0.25
19.540000000000255 0.5303060994541731 0.25
19.550000000000257 0.5289080669507273 0.25
19.560000000000258 0.5275170071634818 0.25
19.57000000000026 0.5261328853158694 0.25
19.58000000000026 0.5247556668047719 0.25
19.590000000000263 0.5233853171996548 0.25
19.600000000000264 0.5220218022417064 0.25
19.610000000000266 0.5206650878429817 0.25
19.620000000000267 0.5193151400855504 0.25
19.63000000000027 0.517971925220648 0.25
19.64000000000027 0.5166354096678332 0.25
19.650000000000272 0.5153055600141472 0.25
19.660000000000274 0.5139823430132795 0.25
19.670000000000275 0.5126657255847362 0.25
19.680000000000277 0.5113556748130131 0.25
19.69000000000028 0.5100521579467727 0.25
19.70000000000028 0.5087551423980253 0.25
19.71000000000028 0.5074645957413148 0.25
19.720000000000283 0.5061804857129073 0.25
19.730000000000285 0.5049027802099855 0.25
19.740000000000286 0.5036314472898451 0.25
19.750000000000288 0.502366455169097 0.25
19.76000000000029 0.5011077722228721 0.25
19.77000000000029 0.4998553669840313 0.25
19.780000000000292 0.49860920814237847 0.25
19.790000000000294 0.4973692645438776 0.25
19.800000000000296 0.49613550518987415 0.25
19.810000000000297 0.49490789923632 0.25
19.8200000000003 0.4936864159930024 0.25
19.8300000000003 0.4924710249227766 0.25
19.840000000000302 0.49126169564080263 0.25
19.850000000000303 0.49005839791378536 0.25
19.860000000000305 0.48886110165921903 0.25
19.870000000000307 0.48766977694463487 0.25
19.880000000000308 0.48648439398685295 0.25
19.89000000000031 0.48530492315123763 0.25
19.90000000000031 0.48413133495095656 0.25
19.910000000000313 0.4829636000462436 0.25
19.920000000000314 0.48180168924366534 0.25
19.930000000000316 0.48064557349539117 0.25
19.940000000000317 0.4794952238984672 0.25
19.95000000000032 0.47835061169409354 0.25
19.96000000000032 0.4772117082669055 0.25
19.970000000000322 0.4760784851442581 0.25
19.980000000000324 0.47495091399551426 0.25
19.990000000000325 0.4738289666313365 0.25
