0 0.7475062395963412 0.25
0.01 0.7500124376819017 1.25
0.02 0.7525061360523633 1.25
0.03 0.7549873970503149 1.25
0.04 0.7574562827074109 1.25
0.05 0.7599128547459213 1.25
0.060000000000000005 0.7623571745802749 1.25
0.07 0.7647893033185948 1.25
0.08 0.7672093017642265 1.25
0.09 0.7696172304172568 1.25
0.09999999999999999 0.7720131494760276 1.25
0.10999999999999999 0.7743971188386402 1.25
0.11999999999999998 0.7767691981044527 1.25
0.12999999999999998 0.7791294465755703 1.25
0.13999999999999999 0.7814779232583278 1.25
0.15 0.7838146868647645 1.25
0.16 0.7861397958140924 1.25
0.17 0.7884533082341563 1.25
0.18000000000000002 0.7907552819628871 1.25
0.19000000000000003 0.7930457745497479 1.25
0.20000000000000004 0.7953248432571728 1.25
0.21000000000000005 0.7975925450619981 1.25
0.22000000000000006 0.799848936656887 1.25
0.23000000000000007 0.8020940744517471 1.25
0.24000000000000007 0.8043280145751399 1.25
0.25000000000000006 0.806550812875685 1.25
0.26000000000000006 0.8087625249234556 1.25
0.2700000000000001 0.8109632060113682 1.25
0.2800000000000001 0.8131529111565645 1.25
0.2900000000000001 0.8153316951017873 1.25
0.3000000000000001 0.8174996123167486 1.25
0.3100000000000001 0.8196567169994917 1.25
0.3200000000000001 0.8218030630777462 1.25
0.3300000000000001 0.8239387042102757 1.25
0.34000000000000014 0.8260636937882198 1.25
0.35000000000000014 0.8281780849364284 1.25
0.36000000000000015 0.8302819305147906 1.25
0.37000000000000016 0.8323752831195552 1.25
0.38000000000000017 0.8344581950846466 1.25
0.3900000000000002 0.8365307184829722 1.25
0.4000000000000002 0.8385929051277251 1.25
0.4100000000000002 0.8406448065736787 1.25
0.4200000000000002 0.8426864741184761 1.25
0.4300000000000002 0.8447179588039121 1.25
0.4400000000000002 0.8467393114172097 1.25
0.45000000000000023 0.8487505824922896 1.25
0.46000000000000024 0.8507518223110334 1.25
0.47000000000000025 0.8527430809045409 1.25
0.48000000000000026 0.8547244080543803 1.25
0.49000000000000027 0.8566958532938339 1.25
0.5000000000000002 0.8536699451018176 0.25
0.5100000000000002 0.8506591286898699 0.25
0.5200000000000002 0.8476633287874239 0.25
0.5300000000000002 0.8446824704993259 0.25
0.5400000000000003 0.8417164793039634 0.25
0.5500000000000003 0.8387652810514021 0.25
0.5600000000000003 0.835828801961532 0.25
0.5700000000000003 0.8329069686222228 0.25
0.5800000000000003 0.829999707987489 0.25
0.5900000000000003 0.8271069473756633 0.25
0.6000000000000003 0.8242286144675796 0.25
0.6100000000000003 0.8213646373047653 0.25
0.6200000000000003 0.8185149442876423 0.25
0.6300000000000003 0.8156794641737366 0.25
0.6400000000000003 0.8128581260758978 0.25
0.6500000000000004 0.8100508594605265 0.25
0.6600000000000004 0.8072575941458109 0.25
0.6700000000000004 0.8044782602999728 0.25
0.6800000000000004 0.8017127884395214 0.25
0.6900000000000004 0.7989611094275161 0.25
0.7000000000000004 0.7962231544718381 0.25
0.7100000000000004 0.7934988551234711 0.25
0.7200000000000004 0.7907881432747894 0.25
0.7300000000000004 0.7880909511578557 0.25
0.7400000000000004 0.7854072113427265 0.25
0.7500000000000004 0.7827368567357668 0.25
0.7600000000000005 0.7800798205779721 0.25
0.7700000000000005 0.7774360364433003 0.25
0.7800000000000005 0.7748054382370102 0.25
0.7900000000000005 0.7721879601940096 0.25
0.8000000000000005 0.7695835368772111 0.25
0.8100000000000005 0.7669921031758964 0.25
0.8200000000000005 0.7644135943040877 0.25
0.8300000000000005 0.761847945798929 0.25
0.8400000000000005 0.759295093519074 0.25
0.8500000000000005 0.7567549736430828 0.25
0.8600000000000005 0.7542275226678261 0.25
0.8700000000000006 0.7517126774068981 0.25
0.8800000000000006 0.7492103749890361 0.25
0.8900000000000006 0.7467205528565495 0.25
0.9000000000000006 0.7442431487637551 0.25
0.9100000000000006 0.7417781007754216 0.25
0.9200000000000006 0.739325347265221 0.25
0.9300000000000006 0.7368848269141878 0.25
0.9400000000000006 0.7344564787091861 0.25
0.9500000000000006 0.7320402419413842 0.25
0.9600000000000006 0.729636056204737 0.25
0.9700000000000006 0.727243861394476 0.25
0.9800000000000006 0.7248635977056065 0.25
0.9900000000000007 0.722495205631412 0.25
1.0000000000000007 0.7251261467692852 1.25
1.0100000000000007 0.7277439660334905 1.25
1.0200000000000007 0.7303487288696456 1.25
1.0300000000000007 0.7329405003969574 1.25
1.0400000000000007 0.7355193454098488 1.25
1.0500000000000007 0.7380853283795795 1.25
1.0600000000000007 0.7406385134558575 1.25
1.0700000000000007 0.7431789644684427 1.25
1.0800000000000007 0.7457067449287426 1.25
1.0900000000000007 0.7482219180314004 1.25
1.1000000000000008 0.7507245466558747 1.25
1.1100000000000008 0.7532146933680115 1.25
1.1200000000000008 0.7556924204216082 1.25
1.1300000000000008 0.7581577897599703 1.25
1.1400000000000008 0.7606108630174595 1.25
1.1500000000000008 0.7630517015210352 1.25
1.1600000000000008 0.765480366291787 1.25
1.1700000000000008 0.7678969180464605 1.25
1.1800000000000008 0.7703014171989758 1.25
1.1900000000000008 0.7726939238619368 1.25
1.2000000000000008 0.7750744978481345 1.25
1.2100000000000009 0.7774431986720427 1.25
1.2200000000000009 0.7798000855513054 1.25
1.2300000000000009 0.7821452174082173 1.25
1.2400000000000009 0.7844786528711969 1.25
1.2500000000000009 0.7868004502762523 1.25
1.260000000000001 0.7891106676684397 1.25
1.270000000000001 0.7914093628033141 1.25
1.280000000000001 0.7936965931483737 1.25
1.290000000000001 0.7959724158844961 1.25
1.300000000000001 0.7982368879073684 1.25
1.310000000000001 0.8004900658289089 1.25
1.320000000000001 0.8027320059786832 1.25
1.330000000000001 0.8049627644053118 1.25
1.340000000000001 0.8071823968778714 1.25
1.350000000000001 0.8093909588872896 1.25
1.360000000000001 0.8115885056477316 1.25
1.370000000000001 0.8137750920979807 1.25
1.380000000000001 0.8159507729028123 1.25
1.390000000000001 0.8181156024543597 1.25
1.400000000000001 0.8202696348734744 1.25
1.410000000000001 0.8224129240110791 1.25
1.420000000000001 0.824545523449514 1.25
1.430000000000001 0.8266674865038761 1.25
1.440000000000001 0.8287788662233522 1.25
1.450000000000001 0.8308797153925451 1.25
1.460000000000001 0.8329700865327937 1.25
1.470000000000001 0.8350500319034853 1.25
1.480000000000001 0.8371196035033625 1.25
1.490000000000001 0.8391788530718229 1.25
1.500000000000001 0.8362403112828957 0.25
1.5100000000000011 0.8333164255322838 0.25
1.5200000000000011 0.8304071227226913 0.25
1.5300000000000011 0.8275123301213966 0.25
1.5400000000000011 0.8246319753584336 0.25
1.5500000000000012 0.8217659864247834 0.25
1.5600000000000012 0.8189142916705733 0.25
1.5700000000000012 0.816076819803286 0.25
1.5800000000000012 0.8132534998859768 0.25
1.5900000000000012 0.8104442613355011 0.25
1.6000000000000012 0.8076490339207485 0.25
1.6100000000000012 0.8048677477608882 0.25
1.6200000000000012 0.8021003333236213 0.25
1.6300000000000012 0.7993467214234427 0.25
1.6400000000000012 0.7966068432199115 0.25
1.6500000000000012 0.7938806302159299 0.25
1.6600000000000013 0.7911680142560309 0.25
1.6700000000000013 0.7884689275246741 0.25
1.6800000000000013 0.7857833025445508 0.25
1.6900000000000013 0.7831110721748964 0.25
1.7000000000000013 0.7804521696098127 0.25
1.7100000000000013 0.7778065283765969 0.25
1.7200000000000013 0.7751740823340806 0.25
1.7300000000000013 0.7725547656709754 0.25
1.7400000000000013 0.7699485129042284 0.25
1.7500000000000013 0.7673552588773846 0.25
1.7600000000000013 0.7647749387589585 0.25
1.7700000000000014 0.7622074880408125 0.25
1.7800000000000014 0.7596528425365451 0.25
1.7900000000000014 0.7571109383798854 0.25
1.8000000000000014 0.7545817120230973 0.25
1.8100000000000014 0.7520651002353902 0.25
1.8200000000000014 0.7495610401013382 0.25
1.8300000000000014 0.7470694690193075 0.25
1.8400000000000014 0.7445903246998913 0.25
1.8500000000000014 0.7421235451643526 0.25
1.8600000000000014 0.7396690687430745 0.25
1.8700000000000014 0.7372268340740185 0.25
1.8800000000000014 0.7347967801011908 0.25
1.8900000000000015 0.7323788460731154 0.25
1.9000000000000015 0.7299729715413159 0.25
1.9100000000000015 0.7275790963588036 0.25
1.9200000000000015 0.7251971606785741 0.25
1.9300000000000015 0.7228271049521114 0.25
1.9400000000000015 0.7204688699278989 0.25
1.9500000000000015 0.7181223966499384 0.25
1.9600000000000015 0.7157876264562755 0.25
1.9700000000000015 0.7134645009775337 0.25
1.9800000000000015 0.7111529621354551 0.25
1.9900000000000015 0.7088529521414484 0.25
2.0000000000000013 0.7115519343024614 1.25
2.010000000000001 0.7142374552337879 1.25
2.020000000000001 0.7169095820735909 1.25
2.0300000000000007 0.7195683816251806 1.25
2.0400000000000005 0.7222139203586841 1.25
2.0500000000000003 0.7248462644127078 1.25
2.06 0.7274654795959901 1.25
2.07 0.7300716313890468 1.25
2.0799999999999996 0.7326647849458087 1.25
2.0899999999999994 0.7352450050952496 1.25
2.099999999999999 0.7378123563430078 1.25
2.109999999999999 0.740366902872998 1.25
2.1199999999999988 0.7429087085490167 1.25
2.1299999999999986 0.745437836916338 1.25
2.1399999999999983 0.747954351203303 1.25
2.149999999999998 0.7504583143228998 1.25
2.159999999999998 0.7529497888743368 1.25
2.1699999999999977 0.7554288371446077 1.25
2.1799999999999975 0.7578955211100483 1.25
2.1899999999999973 0.7603499024378861 1.25
2.199999999999997 0.7627920424877823 1.25
2.209999999999997 0.7652220023133652 1.25
2.2199999999999966 0.7676398426637572 1.25
2.2299999999999964 0.7700456239850928 1.25
2.239999999999996 0.7724394064220304 1.25
2.249999999999996 0.7748212498192555 1.25
2.259999999999996 0.7771912137229772 1.25
2.2699999999999956 0.7795493573824164 1.25
2.2799999999999954 0.7818957397512876 1.25
2.289999999999995 0.7842304194892721 1.25
2.299999999999995 0.7865534549634849 1.25
2.3099999999999947 0.788864904249934 1.25
2.3199999999999945 0.7911648251349719 1.25
2.3299999999999943 0.7934532751167405 1.25
2.339999999999994 0.7957303114066084 1.25
2.349999999999994 0.7979959909306017 1.25
2.3599999999999937 0.8002503703308264 1.25
2.3699999999999934 0.8024935059668847 1.25
2.3799999999999932 0.8047254539172847 1.25
2.389999999999993 0.8069462699808412 1.25
2.399999999999993 0.8091560096780714 1.25
2.4099999999999926 0.811354728252583 1.25
2.4199999999999924 0.8135424806724547 1.25
2.429999999999992 0.8157193216316111 1.25
2.439999999999992 0.8178853055511894 1.25
2.4499999999999917 0.8200404865809006 1.25
2.4599999999999915 0.8221849186003825 1.25
2.4699999999999913 0.8243186552205474 1.25
2.479999999999991 0.8264417497849219 1.25
2.489999999999991 0.8285542553709806 1.25
2.4999999999999907 0.8306562247914733 1.25
2.5099999999999905 0.8277601897884272 0.25
2.5199999999999902 0.8248785988202176 0.25
2.52999999999999 0.8220113798469202 0.25
2.53999999999999 0.8191584611879111 0.25
2.5499999999999896 0.8163197715200755 0.25
2.5599999999999894 0.8134952398760238 0.25
2.569999999999989 0.8106847956423177 0.25
2.579999999999989 0.807888368557705 0.25
2.5899999999999888 0.8051058887113629 0.25
2.5999999999999885 0.8023372865411504 0.25
2.6099999999999883 0.7995824928318691 0.25
2.619999999999988 0.7968414387135326 0.25
2.629999999999988 0.7941140556596453 0.25
2.6399999999999877 0.7914002754854889 0.25
2.6499999999999875 0.7887000303464174 0.25
2.6599999999999873 0.7860132527361621 0.25
2.669999999999987 0.7833398754851424 0.25
2.679999999999987 0.780679831758788 0.25
2.6899999999999866 0.7780330550558672 0.25
2.6999999999999864 0.7753994792068245 0.25
2.709999999999986 0.7727790383721266 0.25
2.719999999999986 0.7701716670406161 0.25
2.7299999999999858 0.7675773000278739 0.25
2.7399999999999856 0.7649958724745897 0.25
2.7499999999999853 0.7624273198449399 0.25
2.759999999999985 0.7598715779249753 0.25
2.769999999999985 0.7573285828210146 0.25
2.7799999999999847 0.7547982709580477 0.25
2.7899999999999845 0.7522805790781465 0.25
2.7999999999999843 0.7497754442388826 0.25
2.809999999999984 0.7472828038117547 0.25
2.819999999999984 0.7448025954806223 0.25
2.8299999999999836 0.742334757240148 0.25
2.8399999999999834 0.739879227394247 0.25
2.849999999999983 0.7374359445545455 0.25
2.859999999999983 0.7350048476388451 0.25
2.869999999999983 0.7325858758695964 0.25
2.8799999999999826 0.7301789687723792 0.25
2.8899999999999824 0.7277840661743906 0.25
2.899999999999982 0.725401108202941 0.25
2.909999999999982 0.7230300352839569 0.25
2.9199999999999817 0.7206707881404919 0.25
2.9299999999999815 0.7183233077912445 0.25
2.9399999999999813 0.7159875355490839 0.25
2.949999999999981 0.7136634130195821 0.25
2.959999999999981 0.7113508820995551 0.25
2.9699999999999807 0.7090498849756093 0.25
2.9799999999999804 0.7067603641226967 0.25
2.9899999999999802 0.7044822623026767 0.25
2.99999999999998 0.7022155225628853 0.25
3.00999999999998 0.7049476090420286 1.25
3.0199999999999796 0.7076660691830097 1.25
3.0299999999999794 0.7103709709474738 1.25
3.039999999999979 0.7130623819581059 1.25
3.049999999999979 0.7157403695003214 1.25
3.0599999999999787 0.7184050005239484 1.25
3.0699999999999785 0.7210563416449013 1.25
3.0799999999999783 0.723694459146846 1.25
3.089999999999978 0.7263194189828578 1.25
3.099999999999978 0.728931286777069 1.25
3.1099999999999777 0.7315301278263105 1.25
3.1199999999999775 0.7341160071017442 1.25
3.1299999999999772 0.7366889892504863 1.25
3.139999999999977 0.7392491385972247 1.25
3.149999999999977 0.7417965191458266 1.25
3.1599999999999766 0.744331194580938 1.25
3.1699999999999764 0.746853228269577 1.25
3.179999999999976 0.7493626832627173 1.25
3.189999999999976 0.7518596222968641 1.25
3.1999999999999758 0.7543441077956236 1.25
3.2099999999999755 0.7568162018712625 1.25
3.2199999999999753 0.7592759663262616 1.25
3.229999999999975 0.7617234626548602 1.25
3.239999999999975 0.7641587520445942 1.25
3.2499999999999747 0.766581895377825 1.25
3.2599999999999745 0.7689929532332621 1.25
3.2699999999999743 0.7713919858874776 1.25
3.279999999999974 0.7737790533164128 1.25
3.289999999999974 0.7761542151968778 1.25
3.2999999999999736 0.7785175309080431 1.25
3.3099999999999734 0.7808690595329247 1.25
3.319999999999973 0.7832088598598608 1.25
3.329999999999973 0.7855369903839813 1.25
3.3399999999999728 0.7878535093086705 1.25
3.3499999999999726 0.7901584745470223 1.25
3.3599999999999723 0.7924519437232878 1.25
3.369999999999972 0.7947339741743156 1.25
3.379999999999972 0.797004622950986 1.25
3.3899999999999717 0.7992639468196366 1.25
3.3999999999999715 0.801512002263482 1.25
3.4099999999999713 0.8037488454840251 1.25
3.419999999999971 0.8059745324024631 1.25
3.429999999999971 0.8081891186610848 1.25
3.4399999999999706 0.810392659624662 1.25
3.4499999999999704 0.8125852103818336 1.25
3.45999999999997 0.8147668257464827 1.25
3.46999999999997 0.8169375602591071 1.25
3.47999999999997 0.8190974681881826 1.25
3.4899999999999696 0.82124660353152 1.25
3.4999999999999694 0.8233850200176147 1.25
3.509999999999969 0.8205252502996726 0.25
3.519999999999969 0.8176797437427029 0.25
3.5299999999999687 0.8148484292088934 0.25
3.5399999999999685 0.8120312359152334 0.25
3.5499999999999683 0.8092280934317437 0.25
3.559999999999968 0.8064389316797164 0.25
3.569999999999968 0.8036636809299622 0.25
3.5799999999999677 0.8009022718010679 0.25
3.5899999999999674 0.7981546352576615 0.25
3.5999999999999672 0.7954207026086862 0.25
3.609999999999967 0.7927004055056835 0.25
3.619999999999967 0.7899936759410842 0.25
3.6299999999999666 0.7873004462465081 0.25
3.6399999999999664 0.7846206490910725 0.25
3.649999999999966 0.7819542174797092 0.25
3.659999999999966 0.7793010847514887 0.25
3.6699999999999657 0.7766611845779549 0.25
3.6799999999999655 0.7740344509614657 0.25
3.6899999999999653 0.7714208182335441 0.25
3.699999999999965 0.7688202210532358 0.25
3.709999999999965 0.7662325944054756 0.25
3.7199999999999647 0.7636578735994627 0.25
3.7299999999999645 0.7610959942670428 0.25
3.7399999999999642 0.7585468923610992 0.25
3.749999999999964 0.7560105041539514 0.25
3.759999999999964 0.7534867662357623 0.25
3.7699999999999636 0.7509756155129523 0.25
3.7799999999999634 0.7484769892066228 0.25
3.789999999999963 0.7459908248509857 0.25
3.799999999999963 0.7435170602918026 0.25
3.8099999999999627 0.7410556336848311 0.25
3.8199999999999625 0.7386064834942774 0.25
3.8299999999999623 0.7361695484912594 0.25
3.839999999999962 0.733744767752275 0.25
3.849999999999962 0.7313320806576795 0.25
3.8599999999999617 0.7289314268901699 0.25
3.8699999999999615 0.7265427464332768 0.25
3.8799999999999613 0.7241659795698645 0.25
3.889999999999961 0.7218010668806376 0.25
3.899999999999961 0.7194479492426558 0.25
3.9099999999999606 0.7171065678278554 0.25
3.9199999999999604 0.7147768641015793 0.25
3.92999999999996 0.7124587798211128 0.25
3.93999999999996 0.7101522570342282 0.25
3.9499999999999598 0.7078572380777358 0.25
3.9599999999999596 0.7055736655760421 0.25
3.9699999999999593 0.7033014824397156 0.25
3.979999999999959 0.7010406318640596 0.25
3.989999999999959 0.6987910573276919 0.25
3.9999999999999587 0.6965527025911319 0.25
4.009999999999959 0.6993130325027124 1.25
4.019999999999959 0.7020595952114238 1.25
4.0299999999999585 0.7047924593814769 1.25
4.039999999999958 0.7075116933346183 1.25
4.049999999999958 0.7102173650518384 1.25
4.059999999999958 0.7129095421750711 1.25
4.069999999999958 0.7155882920088847 1.25
4.079999999999957 0.7182536815221646 1.25
4.089999999999957 0.7209057773497874 1.25
4.099999999999957 0.7235446457942869 1.25
4.109999999999957 0.7261703528275117 1.25
4.119999999999957 0.7287829640922744 1.25
4.129999999999956 0.7313825449039926 1.25
4.139999999999956 0.7339691602523221 1.25
4.149999999999956 0.7365428748027812 1.25
4.159999999999956 0.7391037528983679 1.25
4.1699999999999555 0.7416518585611679 1.25
4.179999999999955 0.7441872554939554 1.25
4.189999999999955 0.7467100070817857 1.25
4.199999999999955 0.7492201763935801 1.25
4.209999999999955 0.751717826183702 1.25
4.2199999999999545 0.7542030188935263 1.25
4.229999999999954 0.7566758166530001 1.25
4.239999999999954 0.7591362812821962 1.25
4.249999999999954 0.7615844742928586 1.25
4.259999999999954 0.76402045688994 1.25
4.269999999999953 0.7664442899731322 1.25
4.279999999999953 0.7688560341383885 1.25
4.289999999999953 0.7712557496794387 1.25
4.299999999999953 0.7736434965892962 1.25
4.3099999999999525 0.7760193345617582 1.25
4.319999999999952 0.7783833229928977 1.25
4.329999999999952 0.7807355209825486 1.25
4.339999999999952 0.7830759873357833 1.25
4.349999999999952 0.7854047805643823 1.25
4.3599999999999515 0.7877219588882978 1.25
4.369999999999951 0.7900275802371084 1.25
4.379999999999951 0.7923217022514681 1.25
4.389999999999951 0.7946043822845467 1.25
4.399999999999951 0.7968756774034638 1.25
4.40999999999995 0.7991356443907157 1.25
4.41999999999995 0.8013843397455949 1.25
4.42999999999995 0.8036218196856022 1.25
4.43999999999995 0.8058481401478529 1.25
4.4499999999999496 0.8080633567904743 1.25
4.459999999999949 0.8102675249939979 1.25
4.469999999999949 0.8124606998627437 1.25
4.479999999999949 0.8146429362261975 1.25
4.489999999999949 0.8168142886403822 1.25
4.4999999999999485 0.818974811389221 1.25
4.509999999999948 0.8161370376785776 0.25
4.519999999999948 0.8133134174233625 0.25
4.529999999999948 0.8105038800329223 0.25
4.539999999999948 0.8077083552686758 0.25
4.549999999999947 0.8049267732423584 0.25
4.559999999999947 0.8021590644142744 0.25
4.569999999999947 0.7994051595915592 0.25
4.579999999999947 0.7966649899264486 0.25
4.589999999999947 0.7939384869145584 0.25
4.599999999999946 0.7912255823931711 0.25
4.609999999999946 0.7885262085395325 0.25
4.619999999999946 0.7858402978691557 0.25
4.629999999999946 0.7831677832341339 0.25
4.6399999999999455 0.7805085978214622 0.25
4.649999999999945 0.7778626751513668 0.25
4.659999999999945 0.7752299490756429 0.25
4.669999999999945 0.7726103537760017 0.25
4.679999999999945 0.7700038237624243 0.25
4.689999999999944 0.7674102938715244 0.25
4.699999999999944 0.7648296992649198 0.25
4.709999999999944 0.762261975427611 0.25
4.719999999999944 0.7597070581663681 0.25
4.729999999999944 0.7571648836081266 0.25
4.739999999999943 0.7546353881983903 0.25
4.749999999999943 0.7521185086996419 0.25
4.759999999999943 0.7496141821897631 0.25
4.769999999999943 0.7471223460604606 0.25
4.7799999999999425 0.7446429380157015 0.25
4.789999999999942 0.7421758960701554 0.25
4.799999999999942 0.7397211585476453 0.25
4.809999999999942 0.7372786640796052 0.25
4.819999999999942 0.7348483516035462 0.25
4.8299999999999415 0.7324301603615299 0.25
4.839999999999941 0.7300240298986491 0.25
4.849999999999941 0.7276299000615172 0.25
4.859999999999941 0.7252477109967632 0.25
4.869999999999941 0.7228774031495367 0.25
4.87999999999994 0.7205189172620181 0.25
4.88999999999994 0.7181721943719372 0.25
4.89999999999994 0.7158371758110996 0.25
4.90999999999994 0.7135138032039197 0.25
4.9199999999999395 0.7112020184659611 0.25
4.929999999999939 0.7089017638024853 0.25
4.939999999999939 0.7066129817070056 0.25
4.949999999999939 0.7043356149598505 0.25
4.959999999999939 0.7020696066267328 0.25
4.9699999999999385 0.699814900057326 0.25
4.979999999999938 0.6975714388838485 0.25
4.989999999999938 0.6953391670196543 0.25
4.999999999999938 0.6931180286578302 0.25
5.009999999999938 0.6958954890771194 1.25
5.019999999999937 0.6986590968547759 1.25
5.029999999999937 0.7014089210811381 1.25
5.039999999999937 0.7041450305019548 1.25
5.049999999999937 0.706867493520104 1.25
5.0599999999999365 0.7095763781973031 1.25
5.069999999999936 0.7122717522558101 1.25
5.079999999999936 0.7149536830801168 1.25
5.089999999999936 0.7176222377186333 1.25
5.099999999999936 0.7202774828853649 1.25
5.1099999999999355 0.7229194849615788 1.25
5.119999999999935 0.7255483099974646 1.25
5.129999999999935 0.7281640237137851 1.25
5.139999999999935 0.7307666915035195 1.25
5.149999999999935 0.7333563784334981 1.25
5.159999999999934 0.735933149246029 1.25
5.169999999999934 0.7384970683605168 1.25
5.179999999999934 0.7410481998750726 1.25
5.189999999999934 0.7435866075681176 1.25
5.199999999999934 0.746112354899976 1.25
5.209999999999933 0.7486255050144627 1.25
5.219999999999933 0.7511261207404614 1.25
5.229999999999933 0.7536142645934956 1.25
5.239999999999933 0.7560899987772912 1.25
5.2499999999999325 0.7585533851853318 1.25
5.259999999999932 0.7610044854024058 1.25
5.269999999999932 0.7634433607061464 1.25
5.279999999999932 0.7658700720685631 1.25
5.289999999999932 0.7682846801575662 1.25
5.299999999999931 0.7706872453384841 1.25
5.309999999999931 0.7730778276755712 1.25
5.319999999999931 0.7754564869335104 1.25
5.329999999999931 0.7778232825789072 1.25
5.339999999999931 0.7801782737817758 1.25
5.34999999999993 0.7825215194170192 1.25
5.35999999999993 0.7848530780659 1.25
5.36999999999993 0.7871730080175061 1.25
5.37999999999993 0.789481367270207 1.25
5.3899999999999295 0.7917782135331044 1.25
5.399999999999929 0.7940636042274742 1.25
5.409999999999929 0.7963375964882031 1.25
5.419999999999929 0.7986002471652159 1.25
5.429999999999929 0.8008516128248975 1.25
5.4399999999999284 0.8030917497515064 1.25
5.449999999999928 0.8053207139485827 1.25
5.459999999999928 0.8075385611403474 1.25
5.469999999999928 0.8097453467730956 1.25
5.479999999999928 0.8119411260165832 1.25
5.489999999999927 0.8141259537654056 1.25
5.499999999999927 0.8162998846403704 1.25
5.509999999999927 0.8134754521825449 0.25
5.519999999999927 0.8106651066403717 0.25
5.5299999999999265 0.8078687777550659 0.25
5.539999999999926 0.8050863956182597 0.25
5.549999999999926 0.8023178906702546 0.25
5.559999999999926 0.7995631936982829 0.25
5.569999999999926 0.7968222358347767 0.25
5.5799999999999255 0.7940949485556468 0.25
5.589999999999925 0.7913812636785691 0.25
5.599999999999925 0.7886811133612803 0.25
5.609999999999925 0.7859944300998819 0.25
5.619999999999925 0.7833211467271524 0.25
5.629999999999924 0.7806611964108682 0.25
5.639999999999924 0.7780145126521328 0.25
5.649999999999924 0.7753810292837147 0.25
5.659999999999924 0.7727606804683922 0.25
5.6699999999999235 0.7701534006973085 0.25
5.679999999999923 0.7675591247883337 0.25
5.689999999999923 0.7649777878844347 0.25
5.699999999999923 0.7624093254520546 0.25
5.709999999999923 0.7598536732794989 0.25
5.7199999999999225 0.7573107674753301 0.25
5.729999999999922 0.7547805444667706 0.25
5.739999999999922 0.7522629409981134 0.25
5.749999999999922 0.7497578941291407 0.25
5.759999999999922 0.7472653412335504 0.25
5.769999999999921 0.7447852199973901 0.25
5.779999999999921 0.7423174684174998 0.25
5.789999999999921 0.7398620247999615 0.25
5.799999999999921 0.7374188277585569 0.25
5.809999999999921 0.7349878162132327 0.25
5.81999999999992 0.7325689293885737 0.25
5.82999999999992 0.7301621068122831 0.25
5.83999999999992 0.7277672883136713 0.25
5.84999999999992 0.7253844140221511 0.25
5.8599999999999195 0.7230134243657411 0.25
5.869999999999919 0.7206542600695764 0.25
5.879999999999919 0.7183068621544267 0.25
5.889999999999919 0.7159711719352219 0.25
5.899999999999919 0.7136471310195847 0.25
5.909999999999918 0.7113346813063713 0.25
5.919999999999918 0.7090337649842186 0.25
5.929999999999918 0.7067443245300984 0.25
5.939999999999918 0.7044663027078802 0.25
5.949999999999918 0.7021996425668999 0.25
5.959999999999917 0.6999442874405359 0.25
5.969999999999917 0.6977001809447925 0.25
5.979999999999917 0.6954672669768904 0.25
5.989999999999917 0.6932454897138642 0.25
5.9999999999999165 0.6910347936111666 0.25
6.009999999999916 0.6938226442085975 1.25
6.019999999999916 0.696596590343166 1.25
6.029999999999916 0.69935670136367 1.25
6.039999999999916 0.7021030462730288 1.25
6.0499999999999154 0.704835693730008 1.25
6.059999999999915 0.7075547120509365 1.25
6.069999999999915 0.7102601692114139 1.25
6.079999999999915 0.7129521328480101 1.25
6.089999999999915 0.7156306702599562 1.25
6.099999999999914 0.718295848410827 1.25
6.109999999999914 0.7209477339302153 1.25
6.119999999999914 0.7235863931153969 1.25
6.129999999999914 0.726211891932989 1.25
6.1399999999999135 0.7288242960205987 1.25
6.149999999999913 0.7314236706884645 1.25
6.159999999999913 0.7340100809210882 1.25
6.169999999999913 0.7365835913788604 1.25
6.179999999999913 0.7391442663996767 1.25
6.1899999999999125 0.7416921700005459 1.25
6.199999999999912 0.7442273658791907 1.25
6.209999999999912 0.7467499174156401 1.25
6.219999999999912 0.7492598876738139 1.25
6.229999999999912 0.7517573394030994 1.25
6.239999999999911 0.7542423350399198 1.25
6.249999999999911 0.7567149367092953 1.25
6.259999999999911 0.7591752062263968 1.25
6.269999999999911 0.76162320509809 1.25
6.2799999999999105 0.7640589945244745 1.25
6.28999999999991 0.7664826354004125 1.25
6.29999999999991 0.7688941883170524 1.25
6.30999999999991 0.7712937135633425 1.25
6.31999999999991 0.7736812711275391 1.25
6.3299999999999095 0.7760569206987056 1.25
6.339999999999909 0.778420721668205 1.25
6.349999999999909 0.7807727331311847 1.25
6.359999999999909 0.7831130138880538 1.25
6.369999999999909 0.785441622445953 1.25
6.379999999999908 0.7877586170202175 1.25
6.389999999999908 0.7900640555358325 1.25
6.399999999999908 0.7923579956288809 1.25
6.409999999999908 0.7946404946479844 1.25
6.419999999999908 0.7969116096557374 1.25
6.429999999999907 0.7991713974301334 1.25
6.439999999999907 0.8014199144659846 1.25
6.449999999999907 0.8036572169763339 1.25
6.459999999999907 0.8058833608938605 1.25
6.4699999999999065 0.8080984018722783 1.25
6.479999999999906 0.8103023952877273 1.25
6.489999999999906 0.8124953962401575 1.25
6.499999999999906 0.814677459554707 1.25
6.509999999999906 0.8118611189757546 0.25
6.519999999999905 0.8090588249540402 0.25
6.529999999999905 0.8062705074320674 0.25
6.539999999999905 0.8034960967017528 0.25
6.549999999999905 0.8007355234026837 0.25
6.559999999999905 0.7979887185203839 0.25
6.569999999999904 0.7952556133845882 0.25
6.579999999999904 0.7925361396675258 0.25
6.589999999999904 0.7898302293822121 0.25
6.599999999999904 0.7871378148807493 0.25
6.6099999999999035 0.7844588288526344 0.25
6.619999999999903 0.7817932043230773 0.25
6.629999999999903 0.7791408746513259 0.25
6.639999999999903 0.7765017735290001 0.25
6.649999999999903 0.7738758349784345 0.25
6.659999999999902 0.7712629933510287 0.25
6.669999999999902 0.7686631833256057 0.25
6.679999999999902 0.7660763399067796 0.25
6.689999999999902 0.7635023984233302 0.25
6.699999999999902 0.7609412945265863 0.25
6.709999999999901 0.7583929641888172 0.25
6.719999999999901 0.7558573437016316 0.25
6.729999999999901 0.7533343696743853 0.25
6.739999999999901 0.7508239790325961 0.25
6.7499999999999005 0.7483261090163674 0.25
6.7599999999999 0.7458406971788186 0.25
6.7699999999999 0.7433676813845244 0.25
6.7799999999999 0.7409069998079609 0.25
6.7899999999999 0.7384585909319608 0.25
6.7999999999998995 0.7360223935461745 0.25
6.809999999999899 0.7335983467455406 0.25
6.819999999999899 0.7311863899287627 0.25
6.829999999999899 0.7287864627967949 0.25
6.839999999999899 0.7263985053513339 0.25
6.849999999999898 0.724022457893319 0.25
6.859999999999898 0.7216582610214402 0.25
6.869999999999898 0.7193058556306524 0.25
6.879999999999898 0.7169651829106984 0.25
6.8899999999998975 0.7146361843446385 0.25
6.899999999999897 0.7123188017073869 0.25
6.909999999999897 0.7100129770642571 0.25
6.919999999999897 0.707718652769513 0.25
6.929999999999897 0.7054357714649275 0.25
6.9399999999998965 0.7031642760783494 0.25
6.949999999999896 0.7009041098222756 0.25
6.959999999999896 0.698655216192432 0.25
6.969999999999896 0.6964175389663606 0.25
6.979999999999896 0.6941910222020143 0.25
6.989999999999895 0.6919756102363581 0.25
6.999999999999895 0.6897712476839774 0.25
7.009999999999895 0.6925654002430112 1.25
7.019999999999895 0.695345616908018 1.25
7.0299999999998946 0.6981119671845593 1.25
7.039999999999894 0.7008645202315359 1.25
7.049999999999894 0.7036033448629175 1.25
7.059999999999894 0.7063285095494625 1.25
7.069999999999894 0.7090400824204299 1.25
7.0799999999998935 0.7117381312652828 1.25
7.089999999999893 0.7144227235353829 1.25
7.099999999999893 0.7170939263456767 1.25
7.109999999999893 0.7197518064763736 1.25
7.119999999999893 0.7223964303746153 1.25
7.129999999999892 0.725027864156137 1.25
7.139999999999892 0.7276461736069202 1.25
7.149999999999892 0.7302514241848377 1.25
7.159999999999892 0.7328436810212895 1.25
7.169999999999892 0.7354230089228316 1.25
7.179999999999891 0.7379894723727959 1.25
7.189999999999891 0.7405431355329023 1.25
7.199999999999891 0.7430840622448628 1.25
7.209999999999891 0.7456123160319775 1.25
7.2199999999998905 0.7481279601007228 1.25
7.22999999999989 0.7506310573423314 1.25
7.23999999999989 0.7531216703343647 1.25
7.24999999999989 0.7555998613422774 1.25
7.25999999999989 0.7580656923209735 1.25
7.269999999999889 0.7605192249163562 1.25
7.279999999999889 0.7629605204668678 1.25
7.289999999999889 0.7653896400050244 1.25
7.299999999999889 0.7678066442589411 1.25
7.309999999999889 0.77021159365385 1.25
7.319999999999888 0.7726045483136111 1.25
7.329999999999888 0.7749855680622157 1.25
7.339999999999888 0.7773547124252816 1.25
7.349999999999888 0.7797120406315412 1.25
7.3599999999998875 0.7820576116143223 1.25
7.369999999999887 0.7843914840130217 1.25
7.379999999999887 0.7867137161745711 1.25
7.389999999999887 0.7890243661548952 1.25
7.399999999999887 0.7913234917203642 1.25
7.4099999999998865 0.7936111503492367 1.25
7.419999999999886 0.7958873992330977 1.25
7.429999999999886 0.7981522952782878 1.25
7.439999999999886 0.8004058951073261 1.25
7.449999999999886 0.8026482550603257 1.25
7.459999999999885 0.8048794311964022 1.25
7.469999999999885 0.8070994792950752 1.25
7.479999999999885 0.8093084548576628 1.25
7.489999999999885 0.8115064131086691 1.25
7.4999999999998845 0.813693408997165 1.25
7.509999999999884 0.8108819763908438 0.25
7.519999999999884 0.808084565863145 0.25
7.529999999999884 0.8053011074786598 0.25
7.539999999999884 0.8025315316507834 0.25
7.5499999999998835 0.7997757691399761 0.25
7.559999999999883 0.7970337510520313 0.25
7.569999999999883 0.7943054088363543 0.25
7.579999999999883 0.7915906742842473 0.25
7.589999999999883 0.7888894795272055 0.25
7.599999999999882 0.7862017570352189 0.25
7.609999999999882 0.7835274396150854 0.25
7.619999999999882 0.7808664604087302 0.25
7.629999999999882 0.7782187528915345 0.25
7.6399999999998816 0.7755842508706726 0.25
7.649999999999881 0.7729628884834566 0.25
7.659999999999881 0.7703546001956905 0.25
7.669999999999881 0.767759320800031 0.25
7.679999999999881 0.7651769854143581 0.25
7.6899999999998805 0.7626075294801528 0.25
7.69999999999988 0.7600508887608828 0.25
7.70999999999988 0.757506999340397 0.25
7.71999999999988 0.7549757976213274 0.25
7.72999999999988 0.7524572203234992 0.25
7.739999999999879 0.7499512044823486 0.25
7.749999999999879 0.7474576874473494 0.25
7.759999999999879 0.7449766068804456 0.25
7.769999999999879 0.7425079007544939 0.25
7.779999999999879 0.7400515073517125 0.25
7.789999999999878 0.7376073652621384 0.25
7.799999999999878 0.7351754133820922 0.25
7.809999999999878 0.7327555909126501 0.25
7.819999999999878 0.7303478373581243 0.25
7.8299999999998775 0.7279520925245506 0.25
7.839999999999877 0.7255682965181833 0.25
7.849999999999877 0.7231963897439982 0.25
7.859999999999877 0.7208363129042025 0.25
7.869999999999877 0.7184880069967521 0.25
7.879999999999876 0.716151413313877 0.25
7.889999999999876 0.7138264734406135 0.25
7.899999999999876 0.7115131292533436 0.25
7.909999999999876 0.7092113229183423 0.25
7.919999999999876 0.7069209968903312 0.25
7.929999999999875 0.7046420939110403 0.25
7.939999999999875 0.7023745570077764 0.25
7.949999999999875 0.700118329491999 0.25
7.959999999999875 0.6978733549579026 0.25
7.9699999999998745 0.6956395772810069 0.25
7.979999999999874 0.6934169406167536 0.25
7.989999999999874 0.6912053893991104 0.25
7.999999999999874 0.6890048683391816 0.25
8.009999999999874 0.6918028432311438 1.25
8.019999999999873 0.6945868631651141 1.25
8.029999999999873 0.6973569977417357 1.25
8.039999999999873 0.7001133162145172 1.25
8.049999999999873 0.7028558874915642 1.25
8.059999999999873 0.7055847801373014 1.25
8.069999999999872 0.7083000623741871 1.25
8.079999999999872 0.7110018020844185 1.25
8.089999999999872 0.7136900668116293 1.25
8.099999999999872 0.7163649237625774 1.25
8.109999999999872 0.7190264398088261 1.25
8.119999999999871 0.7216746814884151 1.25
8.129999999999871 0.7243097150075244 1.25
8.139999999999871 0.7269316062421292 1.25
8.14999999999987 0.7295404207396468 1.25
8.15999999999987 0.7321362237205755 1.25
8.16999999999987 0.7347190800801252 1.25
8.17999999999987 0.7372890543898394 1.25
8.18999999999987 0.7398462108992095 1.25
8.19999999999987 0.7423906135372816 1.25
8.20999999999987 0.7449223259142542 1.25
8.21999999999987 0.7474414113230685 1.25
8.229999999999869 0.7499479327409909 1.25
8.239999999999869 0.7524419528311874 1.25
8.249999999999869 0.7549235339442902 1.25
8.259999999999868 0.7573927381199563 1.25
8.269999999999868 0.7598496270884189 1.25
8.279999999999868 0.7622942622720299 1.25
8.289999999999868 0.7647267047867964 1.25
8.299999999999867 0.7671470154439078 1.25
8.309999999999867 0.7695552547512567 1.25
8.319999999999867 0.7719514829149513 1.25
8.329999999999867 0.7743357598408204 1.25
8.339999999999867 0.7767081451359112 1.25
8.349999999999866 0.7790686981099799 1.25
8.359999999999866 0.7814174777769736 1.25
8.369999999999866 0.7837545428565063 1.25
8.379999999999866 0.7860799517753267 1.25
8.389999999999866 0.7883937626687791 1.25
8.399999999999865 0.7906960333822562 1.25
8.409999999999865 0.7929868214726458 1.25
8.419999999999865 0.7952661842097694 1.25
8.429999999999865 0.7975341785778141 1.25
8.439999999999864 0.7997908612767572 1.25
8.449999999999864 0.802036288723784 1.25
8.459999999999864 0.8042705170546973 1.25
8.469999999999864 0.806493602125322 1.25
8.479999999999864 0.8087055995129004 1.25
8.489999999999863 0.8109065645174827 1.25
8.499999999999863 0.8130965521633083 1.25
8.509999999999863 0.810288096392865 0.25
8.519999999999863 0.8074936478540132 0.25
8.529999999999863 0.8047131366853939 0.25
8.539999999999862 0.8019464933740831 0.25
8.549999999999862 0.7991936487538538 0.25
8.559999999999862 0.7964545340034472 0.25
8.569999999999862 0.7937290806448519 0.25
8.579999999999862 0.791017220541592 0.25
8.589999999999861 0.7883188858970236 0.25
8.599999999999861 0.7856340092526402 0.25
8.60999999999986 0.7829625234863856 0.25
8.61999999999986 0.7803043618109767 0.25
8.62999999999986 0.7776594577722331 0.25
8.63999999999986 0.7750277452474161 0.25
8.64999999999986 0.7724091584435756 0.25
8.65999999999986 0.769803631895905 0.25
8.66999999999986 0.7672111004661049 0.25
8.67999999999986 0.7646314993407545 0.25
8.68999999999986 0.7620647640296914 0.25
8.699999999999859 0.759510830364399 0.25
8.709999999999859 0.7569696344964029 0.25
8.719999999999859 0.7544411128956738 0.25
8.729999999999858 0.7519252023490401 0.25
8.739999999999858 0.7494218399586072 0.25
8.749999999999858 0.7469309631401848 0.25
8.759999999999858 0.7444525096217227 0.25
8.769999999999857 0.7419864174417539 0.25
8.779999999999857 0.7395326249478454 0.25
8.789999999999857 0.7370910707950572 0.25
8.799999999999857 0.7346616939444082 0.25
8.809999999999857 0.7322444336613506 0.25
8.819999999999856 0.7298392295142515 0.25
8.829999999999856 0.727446021372882 0.25
8.839999999999856 0.7250647494069137 0.25
8.849999999999856 0.7226953540844235 0.25
8.859999999999856 0.7203377761704051 0.25
8.869999999999855 0.7179919567252877 0.25
8.879999999999855 0.715657837103463 0.25
8.889999999999855 0.713335358951819 0.25
8.899999999999855 0.7110244642082808 0.25
8.909999999999854 0.7087250951003595 0.25
8.919999999999854 0.7064371941437078 0.25
8.929999999999854 0.7041607041406823 0.25
8.939999999999854 0.7018955681789146 0.25
8.949999999999854 0.6996417296298876 0.25
8.959999999999853 0.6973991321475201 0.25
8.969999999999853 0.6951677196667585 0.25
8.979999999999853 0.6929474364021744 0.25
8.989999999999853 0.6907382268465705 0.25
8.999999999999853 0.688540035769593 0.25
9.009999999999852 0.691340329023668 1.25
9.019999999999852 0.6941266557568717 1.25
9.029999999999852 0.6968990856275176 1.25
9.039999999999852 0.6996576879464967 1.25
9.049999999999851 0.7024025316790109 1.25
9.059999999999851 0.7051336854462963 1.25
9.069999999999851 0.7078512175273394 1.25
9.07999999999985 0.7105551958605837 1.25
9.08999999999985 0.7132456880456285 1.25
9.09999999999985 0.7159227613449184 1.25
9.10999999999985 0.7185864826854254 1.25
9.11999999999985 0.7212369186603217 1.25
9.12999999999985 0.7238741355306447 1.25
9.13999999999985 0.7264981992269537 1.25
9.14999999999985 0.7291091753509775 1.25
9.15999999999985 0.7317071291772553 1.25
9.169999999999849 0.7342921256547682 1.25
9.179999999999849 0.7368642294085627 1.25
9.189999999999849 0.7394235047413664 1.25
9.199999999999848 0.7419700156351962 1.25
9.209999999999848 0.7445038257529569 1.25
9.219999999999848 0.7470249984400336 1.25
9.229999999999848 0.7495335967258745 1.25
9.239999999999847 0.7520296833255676 1.25
9.249999999999847 0.7545133206414079 1.25
9.259999999999847 0.7569845707644576 1.25
9.269999999999847 0.7594434954760985 1.25
9.279999999999847 0.7618901562495765 1.25
9.289999999999846 0.7643246142515383 1.25
9.299999999999846 0.7667469303435608 1.25
9.309999999999846 0.7691571650836724 1.25
9.319999999999846 0.7715553787278672 1.25
9.329999999999846 0.7739416312316112 1.25
9.339999999999845 0.7763159822513412 1.25
9.349999999999845 0.7786784911459566 1.25
9.359999999999845 0.7810292169783024 1.25
9.369999999999845 0.7833682185166472 1.25
9.379999999999844 0.7856955542361511 1.25
9.389999999999844 0.7880112823203285 1.25
9.399999999999844 0.7903154606625018 1.25
9.409999999999844 0.7926081468672499 1.25
9.419999999999844 0.794889398251847 1.25
9.429999999999843 0.7971592718476967 1.25
9.439999999999843 0.7994178244017572 1.25
9.449999999999843 0.8016651123779599 1.25
9.459999999999843 0.8039011919586212 1.25
9.469999999999843 0.8061261190458472 1.25
9.479999999999842 0.8083399492629308 1.25
9.489999999999842 0.8105427379557429 1.25
9.499999999999842 0.8127345401941155 1.25
9.509999999999842 0.809927889965901 0.25
9.519999999999841 0.8071352379640986 0.25
9.529999999999841 0.8043565143722627 0.25
9.539999999999841 0.801591649722159 0.25
9.54999999999984 0.7988405748920271 0.25
9.55999999999984 0.7961032211048529 0.25
9.56999999999984 0.7933795199266492 0.25
9.57999999999984 0.7906694032647448 0.25
9.58999999999984 0.7879728033660818 0.25
9.59999999999984 0.7852896528155224 0.25
9.60999999999984 0.7826198845341632 0.25
9.61999999999984 0.7799634317776579 0.25
9.62999999999984 0.7773202281345494 0.25
9.639999999999839 0.7746902075246088 0.25
9.649999999999839 0.772073304197184 0.25
9.659999999999838 0.7694694527295555 0.25
9.669999999999838 0.7668785880253008 0.25
9.679999999999838 0.7643006453126677 0.25
9.689999999999838 0.7617355601429538 0.25
9.699999999999838 0.7591832683888965 0.25
9.709999999999837 0.7566437062430689 0.25
9.719999999999837 0.7541168102162851 0.25
9.729999999999837 0.7516025171360128 0.25
9.739999999999837 0.749100764144794 0.25
9.749999999999837 0.7466114886986737 0.25
9.759999999999836 0.7441346285656361 0.25
9.769999999999836 0.7416701218240487 0.25
9.779999999999836 0.7392179068611149 0.25
9.789999999999836 0.7367779223713327 0.25
9.799999999999836 0.7343501073549628 0.25
9.809999999999835 0.7319344011165033 0.25
9.819999999999835 0.7295307432631726 0.25
9.829999999999835 0.7271390737033989 0.25
9.839999999999835 0.724759332645319 0.25
9.849999999999834 0.7223914605952821 0.25
9.859999999999834 0.720035398356364 0.25
9.869999999999834 0.7176910870268858 0.25
9.879999999999834 0.7153584679989422 0.25
9.889999999999834 0.7130374829569359 0.25
9.899999999999833 0.7107280738761201 0.25
9.909999999999833 0.7084301830211476 0.25
9.919999999999833 0.7061437529446272 0.25
9.929999999999833 0.7038687264856879 0.25
9.939999999999833 0.7016050467685497 0.25
9.949999999999832 0.699352657201102 0.25
9.959999999999832 0.697111501473488 0.25
9.969999999999832 0.6948815235566979 0.25
9.979999999999832 0.6926626677011676 0.25
9.989999999999831 0.6904548784353852 0.25
9.999999999999831 0.6882581005645041 0.25
10.009999999999831 0.6910597999762808 1.25
10.01999999999983 0.6938475258539454 1.25
10.02999999999983 0.69662134789079 1.25
10.03999999999983 0.6993813354325101 1.25
10.04999999999983 0.702127557478938 1.25
10.05999999999983 0.7048600826857677 1.25
10.06999999999983 0.7075789793662719 1.25
10.07999999999983 0.7102843154930091 1.25
10.08999999999983 0.7129761586995234 1.25
10.09999999999983 0.7156545762820351 1.25
10.109999999999829 0.7183196352011234 1.25
10.119999999999829 0.7209714020834 1.25
10.129999999999828 0.7236099432231752 1.25
10.139999999999828 0.7262353245841148 1.25
10.149999999999828 0.7288476118008895 1.25
10.159999999999828 0.7314468701808159 1.25
10.169999999999828 0.7340331647054887 1.25
10.179999999999827 0.736606560032406 1.25
10.189999999999827 0.7391671204965847 1.25
10.199999999999827 0.7417149101121701 1.25
10.209999999999827 0.7442499925740349 1.25
10.219999999999827 0.746772431259373 1.25
10.229999999999826 0.7492822892292827 1.25
10.239999999999826 0.7517796292303442 1.25
10.249999999999826 0.7542645136961874 1.25
10.259999999999826 0.7567370047490534 1.25
10.269999999999825 0.7591971642013473 1.25
10.279999999999825 0.7616450535571836 1.25
10.289999999999825 0.7640807340139237 1.25
10.299999999999825 0.7665042664637058 1.25
10.309999999999825 0.7689157114949674 1.25
10.319999999999824 0.7713151293939599 1.25
10.329999999999824 0.7737025801462556 1.25
10.339999999999824 0.7760781234382479 1.25
10.349999999999824 0.7784418186586426 1.25
10.359999999999824 0.7807937248999435 1.25
10.369999999999823 0.783133900959929 1.25
10.379999999999823 0.7854624053431225 1.25
10.389999999999823 0.787779296262255 1.25
10.399999999999823 0.79008463163972 1.25
10.409999999999823 0.7923784691090221 1.25
10.419999999999822 0.7946608660162174 1.25
10.429999999999822 0.7969318794213476 1.25
10.439999999999822 0.7991915660998659 1.25
10.449999999999822 0.801439982544057 1.25
10.459999999999821 0.8036771849644493 1.25
10.469999999999821 0.8059032292912197 1.25
10.479999999999821 0.8081181711755924 1.25
10.48999999999982 0.8103220659912297 1.25
10.49999999999982 0.8125149688356168 1.25
10.50999999999982 0.8097094137241215 0.25
10.51999999999982 0.8069178513771209 0.25
10.52999999999982 0.8041402120054109 0.25
10.53999999999982 0.8013764261678624 0.25
10.54999999999982 0.7986264247696857 0.25
10.55999999999982 0.7958901390607026 0.25
10.569999999999819 0.7931675006336278 0.25
10.579999999999819 0.7904584414223589 0.25
10.589999999999819 0.7877628937002744 0.25
10.599999999999818 0.7850807900785409 0.25
10.609999999999818 0.7824120635044283 0.25
10.619999999999818 0.779756647259633 0.25
10.629999999999818 0.7771144749586107 0.25
10.639999999999818 0.7744854805469163 0.25
10.649999999999817 0.7718695982995526 0.25
10.659999999999817 0.769266762819327 0.25
10.669999999999817 0.7666769090352171 0.25
10.679999999999817 0.7640999722007434 0.25
10.689999999999817 0.7615358878923508 0.25
10.699999999999816 0.758984592007798 0.25
10.709999999999816 0.756446020764555 0.25
10.719999999999816 0.7539201106982085 0.25
10.729999999999816 0.7514067986608753 0.25
10.739999999999815 0.7489060218196237 0.25
10.749999999999815 0.7464177176549023 0.25
10.759999999999815 0.7439418239589772 0.25
10.769999999999815 0.7414782788343774 0.25
10.779999999999815 0.7390270206923464 0.25
10.789999999999814 0.7365879882513027 0.25
10.799999999999814 0.7341611205353085 0.25
10.809999999999814 0.7317463568725444 0.25
10.819999999999814 0.7293436368937931 0.25
10.829999999999814 0.72695290053093 0.25
10.839999999999813 0.7245740880154214 0.25
10.849999999999813 0.7222071398768307 0.25
10.859999999999813 0.7198519969413311 0.25
10.869999999999813 0.7175086003302265 0.25
10.879999999999812 0.7151768914584795 0.25
10.889999999999812 0.712856812033247 0.25
10.899999999999812 0.7105483040524225 0.25
10.909999999999812 0.7082513098031862 0.25
10.919999999999812 0.7059657718605622 0.25
10.929999999999811 0.703691633085983 0.25
10.939999999999811 0.7014288366258608 0.25
10.949999999999811 0.6991773259101661 0.25
10.95999999999981 0.6969370446510139 0.25
10.96999999999981 0.6947079368412559 0.25
10.97999999999981 0.6924899467530807 0.25
10.98999999999981 0.6902830189366209 0.25
10.99999999999981 0.6880870982185658 0.25
11.00999999999981 0.690889650508101 1.25
11.01999999999981 0.6936782250097785 1.25
11.02999999999981 0.6964528914381062 1.25
11.039999999999809 0.6992137191598892 1.25
11.049999999999809 0.7019607771959644 1.25
11.059999999999809 0.7046941342229257 1.25
11.069999999999808 0.7074138585748413 1.25
11.079999999999808 0.7101200182449615 1.25
11.089999999999808 0.7128126808874191 1.25
11.099999999999808 0.7154919138189203 1.25
11.109999999999808 0.718157784020428 1.25
11.119999999999807 0.720810358138836 1.25
11.129999999999807 0.7234497024886355 1.25
11.139999999999807 0.7260758830535727 1.25
11.149999999999807 0.7286889654882985 1.25
11.159999999999807 0.73128901512001 1.25
11.169999999999806 0.7338760969500832 1.25
11.179999999999806 0.7364502756556986 1.25
11.189999999999806 0.7390116155914581 1.25
11.199999999999806 0.7415601807909934 1.25
11.209999999999805 0.7440960349685671 1.25
11.219999999999805 0.7466192415206659 1.25
11.229999999999805 0.7491298635275849 1.25
11.239999999999805 0.7516279637550052 1.25
11.249999999999805 0.7541136046555623 1.25
11.259999999999804 0.7565868483704085 1.25
11.269999999999804 0.7590477567307652 1.25
11.279999999999804 0.7614963912594698 1.25
11.289999999999804 0.7639328131725129 1.25
11.299999999999804 0.7663570833805694 1.25
11.309999999999803 0.7687692624905207 1.25
11.319999999999803 0.77116941080697 1.25
11.329999999999803 0.7735575883337504 1.25
11.339999999999803 0.7759338547754244 1.25
11.349999999999802 0.7782982695387769 1.25
11.359999999999802 0.7806508917343 1.25
11.369999999999802 0.7829917801776711 1.25
11.379999999999802 0.7853209933912233 1.25
11.389999999999802 0.7876385896054083 1.25
11.399999999999801 0.7899446267602521 1.25
11.409999999999801 0.7922391625068037 1.25
11.419999999999801 0.7945222542085761 1.25
11.4299999999998 0.796793958942981 1.25
11.4399999999998 0.7990543335027549 1.25
11.4499999999998 0.8013034343973797 1.25
11.4599999999998 0.8035413178544948 1.25
11.4699999999998 0.8057680398213032 1.25
11.4799999999998 0.8079836559659699 1.25
11.4899999999998 0.8101882216790142 1.25
11.4999999999998 0.8123817920746934 1.25
11.509999999999799 0.8095769011850643 0.25
11.519999999999799 0.8067859997471094 0.25
11.529999999999799 0.8040090179881475 0.25
11.539999999999798 0.8012458864834899 0.25
11.549999999999798 0.7984965361547053 0.25
11.559999999999798 0.795760898267892 0.25
11.569999999999798 0.7930389044319605 0.25
11.579999999999798 0.7903304865969231 0.25
11.589999999999797 0.7876355770521928 0.25
11.599999999999797 0.7849541084248908 0.25
11.609999999999797 0.7822860136781615 0.25
11.619999999999797 0.7796312261094975 0.25
11.629999999999797 0.7769896793490713 0.25
11.639999999999796 0.7743613073580761 0.25
11.649999999999796 0.7717460444270754 0.25
11.659999999999796 0.7691438251743596 0.25
11.669999999999796 0.766554584544312 0.25
11.679999999999795 0.7639782578057819 0.25
11.689999999999795 0.7614147805504666 0.25
11.699999999999795 0.7588640886913014 0.25
11.709999999999795 0.7563261184608567 0.25
11.719999999999795 0.7538008064097448 0.25
11.729999999999794 0.7512880894050328 0.25
11.739999999999794 0.7487879046286646 0.25
11.749999999999794 0.7463001895758907 0.25
11.759999999999794 0.7438248820537052 0.25
11.769999999999794 0.7413619201792911 0.25
11.779999999999793 0.7389112423784734 0.25
11.789999999999793 0.7364727873841792 0.25
11.799999999999793 0.7340464942349068 0.25
11.809999999999793 0.731632302273201 0.25
11.819999999999792 0.729230151144137 0.25
11.829999999999792 0.7268399807938116 0.25
11.839999999999792 0.7244617314678415 0.25
11.849999999999792 0.7220953437098697 0.25
11.859999999999792 0.719740758360079 0.25
11.869999999999791 0.717397916553713 0.25
11.879999999999791 0.7150667597196044 0.25
11.889999999999791 0.7127472295787111 0.25
11.89999999999979 0.7104392681426586 0.25
11.90999999999979 0.7081428177122909 0.25
11.91999999999979 0.7058578208762277 0.25
11.92999999999979 0.703584220509429 0.25
11.93999999999979 0.7013219597717673 0.25
11.94999999999979 0.6990709821066061 0.25
11.95999999999979 0.6968312312393868 0.25
11.96999999999979 0.694602651176221 0.25
11.979999999999789 0.692385186202491 0.25
11.989999999999789 0.690178780881457 0.25
11.999999999999789 0.687983380052871 0.25
12.009999999999788 0.6907864496389157 1.25
12.019999999999788 0.6935755388570756 1.25
12.029999999999788 0.6963507174347264 1.25
12.039999999999788 0.6991120547514772 1.25
12.049999999999788 0.7018596198409047 1.25
12.059999999999787 0.7045934813922793 1.25
12.069999999999787 0.707313707752282 1.25
12.079999999999787 0.7100203669267136 1.25
12.089999999999787 0.7127135265821943 1.25
12.099999999999786 0.715393254047856 1.25
12.109999999999786 0.7180596163170248 1.25
12.119999999999786 0.7207126800488961 1.25
12.129999999999786 0.7233525115702016 1.25
12.139999999999786 0.7259791768768669 1.25
12.149999999999785 0.7285927416356612 1.25
12.159999999999785 0.7311932711858399 1.25
12.169999999999785 0.7337808305407769 1.25
12.179999999999785 0.7363554843895911 1.25
12.189999999999785 0.7389172970987626 1.25
12.199999999999784 0.7414663327137427 1.25
12.209999999999784 0.7440026549605545 1.25
12.219999999999784 0.7465263272473862 1.25
12.229999999999784 0.7490374126661765 1.25
12.239999999999783 0.7515359739941916 1.25
12.249999999999783 0.7540220736955949 1.25
12.259999999999783 0.7564957739230085 1.25
12.269999999999783 0.7589571365190667 1.25
12.279999999999783 0.7614062230179628 1.25
12.289999999999782 0.7638430946469866 1.25
12.299999999999782 0.766267812328056 1.25
12.309999999999782 0.768680436679239 1.25
12.319999999999782 0.7710810280162703 1.25
12.329999999999782 0.7734696463540583 1.25
12.339999999999781 0.7758463514081859 1.25
12.349999999999781 0.7782112025964032 1.25
12.359999999999781 0.780564259040113 1.25
12.36999999999978 0.782905579565849 1.25
12.37999999999978 0.7852352227067464 1.25
12.38999999999978 0.7875532467040048 1.25
12.39999999999978 0.789859709508345 1.25
12.40999999999978 0.7921546687814573 1.25
12.41999999999978 0.7944381818974431 1.25
12.42999999999978 0.7967103059442491 1.25
12.43999999999978 0.7989710977250948 1.25
12.449999999999779 0.8012206137598925 1.25
12.459999999999779 0.8034589102866603 1.25
12.469999999999779 0.8056860432629278 1.25
12.479999999999778 0.8079020683671356 1.25
12.489999999999778 0.8101070410000266 1.25
12.499999999999778 0.8123010162860316 1.25
12.509999999999778 0.8094965282673291 0.25
12.519999999999778 0.8067060276909738 0.25
12.529999999999777 0.8039294447943058 0.25
12.539999999999777 0.8011667101626083 0.25
12.549999999999777 0.7984177547273715 0.25
12.559999999999777 0.7956825097645663 0.25
12.569999999999776 0.7929609068929262 0.25
12.579999999999776 0.7902528780722377 0.25
12.589999999999776 0.7875583556016391 0.25
12.599999999999776 0.7848772721179285 0.25
12.609999999999776 0.7822095605938789 0.25
12.619999999999775 0.7795551543365635 0.25
12.629999999999775 0.7769139869856876 0.25
12.639999999999775 0.7742859925119298 0.25
12.649999999999775 0.7716711052152913 0.25
12.659999999999775 0.7690692597234535 0.25
12.669999999999774 0.7664803909901439 0.25
12.679999999999774 0.763904434293509 0.25
12.689999999999774 0.7613413252344973 0.25
12.699999999999774 0.7587909997352488 0.25
12.709999999999773 0.7562533940374933 0.25
12.719999999999773 0.753728444700956 0.25
12.729999999999773 0.7512160886017722 0.25
12.739999999999773 0.7487162629309085 0.25
12.749999999999773 0.746228905192593 0.25
12.759999999999772 0.7437539532027524 0.25
12.769999999999772 0.7412913450874583 0.25
12.779999999999772 0.7388410192813795 0.25
12.789999999999772 0.7364029145262432 0.25
12.799999999999772 0.7339769698693035 0.25
12.809999999999771 0.7315631246618177 0.25
12.819999999999771 0.72916131855753 0.25
12.829999999999771 0.7267714915111625 0.25
12.83999999999977 0.7243935837769147 0.25
12.84999999999977 0.7220275359069692 0.25
12.85999999999977 0.7196732887500064 0.25
12.86999999999977 0.7173307834497245 0.25
12.87999999999977 0.7149999614433689 0.25
12.88999999999977 0.7126807644602682 0.25
12.89999999999977 0.710373134520377 0.25
12.90999999999977 0.7080770139328265 0.25
12.919999999999769 0.7057923452944825 0.25
12.929999999999769 0.7035190714885102 0.25
12.939999999999769 0.7012571356829459 0.25
12.949999999999768 0.6990064813292767 0.25
12.959999999999768 0.6967670521610264 0.25
12.969999999999768 0.6945387921923494 0.25
12.979999999999768 0.6923216457166301 0.25
12.989999999999768 0.6901155573050914 0.25
12.999999999999767 0.6879204718054082 0.25
13.009999999999767 0.690723855147646 1.25
13.019999999999767 0.6935132565571336 1.25
13.029999999999767 0.6962887457690513 1.25
13.039999999999766 0.6990503921707741 1.25
13.049999999999766 0.701798264803606 1.25
13.059999999999766 0.7045324323645057 1.25
13.069999999999766 0.7072529632078047 1.25
13.079999999999766 0.7099599253469158 1.25
13.089999999999765 0.7126533864560334 1.25
13.099999999999765 0.7153334138718256 1.25
13.109999999999765 0.7180000745951174 1.25
13.119999999999765 0.7206534352925656 1.25
13.129999999999765 0.7232935622983261 1.25
13.139999999999764 0.7259205216157114 1.25
13.149999999999764 0.7285343789188412 1.25
13.159999999999764 0.7311351995542843 1.25
13.169999999999764 0.733723048542692 1.25
13.179999999999763 0.7362979905804239 1.25
13.189999999999763 0.7388600900411649 1.25
13.199999999999763 0.7414094109775351 1.25
13.209999999999763 0.7439460171226906 1.25
13.219999999999763 0.7464699718919171 1.25
13.229999999999762 0.7489813383842154 1.25
13.239999999999762 0.7514801793838786 1.25
13.249999999999762 0.7539665573620618 1.25
13.259999999999762 0.7564405344783438 1.25
13.269999999999762 0.7589021725822817 1.25
13.279999999999761 0.7613515332149561 1.25
13.289999999999761 0.7637886776105104 1.25
13.299999999999761 0.7662136666976814 1.25
13.30999999999976 0.7686265611013227 1.25
13.31999999999976 0.7710274211439199 1.25
13.32999999999976 0.7734163068470992 1.25
13.33999999999976 0.7757932779331276 1.25
13.34999999999976 0.7781583938264061 1.25
13.35999999999976 0.7805117136549551 1.25
13.36999999999976 0.7828532962518929 1.25
13.37999999999976 0.7851832001569065 1.25
13.389999999999759 0.7875014836177148 1.25
13.399999999999759 0.7898082045915249 1.25
13.409999999999759 0.7921034207464815 1.25
13.419999999999758 0.794387189463108 1.25
13.429999999999758 0.7966595678357413 1.25
13.439999999999758 0.798920612673959 1.25
13.449999999999758 0.8011703805039997 1.25
13.459999999999757 0.8034089275701765 1.25
13.469999999999757 0.8056363098362825 1.25
13.479999999999757 0.8078525829869905 1.25
13.489999999999757 0.8100578024292446 1.25
13.499999999999757 0.8122520232936459 1.25
13.509999999999756 0.8094477796285123 0.25
13.519999999999756 0.8066575221870075 0.25
13.529999999999756 0.8038811812125499 0.25
13.539999999999756 0.8011186872964706 0.25
13.549999999999756 0.7983699713762779 0.25
13.559999999999755 0.7956349647339305 0.25
13.569999999999755 0.79291359899412 0.25
13.579999999999755 0.7902058061225611 0.25
13.589999999999755 0.787511518424291 0.25
13.599999999999755 0.7848306685419769 0.25
13.609999999999754 0.7821631894542321 0.25
13.619999999999754 0.7795090144739406 0.25
13.629999999999754 0.7768680772465896 0.25
13.639999999999754 0.7742403117486107 0.25
13.649999999999753 0.7716256522857299 0.25
13.659999999999753 0.7690240334913242 0.25
13.669999999999753 0.7664353903247882 0.25
13.679999999999753 0.7638596580699082 0.25
13.689999999999753 0.7612967723332433 0.25
13.699999999999752 0.7587466690425169 0.25
13.709999999999752 0.7562092844450138 0.25
13.719999999999752 0.7536845551059869 0.25
13.729999999999752 0.7511724179070712 0.25
13.739999999999752 0.748672810044706 0.25
13.749999999999751 0.7461856690285644 0.25
13.759999999999751 0.7437109326799916 0.25
13.76999999999975 0.7412485391304499 0.25
13.77999999999975 0.7387984268199723 0.25
13.78999999999975 0.7363605344956236 0.25
13.79999999999975 0.7339348012099685 0.25
13.80999999999975 0.7315211663195487 0.25
13.81999999999975 0.7291195694833661 0.25
13.82999999999975 0.7267299506613747 0.25
13.83999999999975 0.7243522501129795 0.25
13.84999999999975 0.7219864083955432 0.25
13.859999999999749 0.7196323663628993 0.25
13.869999999999749 0.7172900651638745 0.25
13.879999999999749 0.7149594462408169 0.25
13.889999999999748 0.7126404513281319 0.25
13.899999999999748 0.710333022450826 0.25
13.909999999999748 0.708037101923057 0.25
13.919999999999748 0.7057526323466923 0.25
13.929999999999747 0.7034795566098733 0.25
13.939999999999747 0.7012178178855883 0.25
13.949999999999747 0.6989673596302515 0.25
13.959999999999747 0.6967281255822891 0.25
13.969999999999747 0.6945000597607334 0.25
13.979999999999746 0.6922831064638227 0.25
13.989999999999746 0.6900772102676094 0.25
13.999999999999746 0.6878823160245733 0.25
14.009999999999746 0.6906858896695619 1.25
14.019999999999746 0.6934754804326614 1.25
14.029999999999745 0.696251158053786 1.25
14.039999999999745 0.6990129919250209 1.25
14.049999999999745 0.7017610510923565 1.25
14.059999999999745 0.7044954042574154 1.25
14.069999999999744 0.707216119779169 1.25
14.079999999999744 0.709923265675647 1.25
14.089999999999744 0.712616909625638 1.25
14.099999999999744 0.7152971189703807 1.25
14.109999999999744 0.7179639607152487 1.25
14.119999999999743 0.7206175015314243 1.25
14.129999999999743 0.7232578077575662 1.25
14.139999999999743 0.7258849454014675 1.25
14.149999999999743 0.7284989801417061 1.25
14.159999999999743 0.7310999773292868 1.25
14.169999999999742 0.7336880019892745 1.25
14.179999999999742 0.7362631188224208 1.25
14.189999999999742 0.7388253922067805 1.25
14.199999999999742 0.7413748861993216 1.25
14.209999999999742 0.7439116645375268 1.25
14.219999999999741 0.7464357906409866 1.25
14.229999999999741 0.7489473276129852 1.25
14.23999999999974 0.7514463382420775 1.25
14.24999999999974 0.7539328850036595 1.25
14.25999999999974 0.7564070300615298 1.25
14.26999999999974 0.7588688352694436 1.25
14.27999999999974 0.7613183621726594 1.25
14.28999999999974 0.7637556720094774 1.25
14.29999999999974 0.7661808257127702 1.25
14.30999999999974 0.7685938839115071 1.25
14.31999999999974 0.7709949069322684 1.25
14.329999999999739 0.7733839548007548 1.25
14.339999999999739 0.7757610872432875 1.25
14.349999999999739 0.7781263636883013 1.25
14.359999999999738 0.7804798432678306 1.25
14.369999999999738 0.7828215848189873 1.25
14.379999999999738 0.7851516468854323 1.25
14.389999999999738 0.7874700877188385 1.25
14.399999999999737 0.7897769652803477 1.25
14.409999999999737 0.7920723372420189 1.25
14.419999999999737 0.7943562609882706 1.25
14.429999999999737 0.7966287936173156 1.25
14.439999999999737 0.798889991942588 1.25
14.449999999999736 0.8011399124941636 1.25
14.459999999999736 0.8033786115201734 1.25
14.469999999999736 0.8056061449882097 1.25
14.479999999999736 0.8078225685867251 1.25
14.489999999999736 0.810027937726425 1.25
14.499999999999735 0.8122223075416529 1.25
14.509999999999735 0.8094182120844507 0.25
14.519999999999735 0.8066281021116871 0.25
14.529999999999735 0.8038519078704673 0.25
14.539999999999734 0.8010895599557908 0.25
14.549999999999734 0.7983409893088157 0.25
14.559999999999734 0.7956061272151328 0.25
14.569999999999734 0.7928849053030473 0.25
14.579999999999734 0.7901772555418697 0.25
14.589999999999733 0.7874831102402149 0.25
14.599999999999733 0.78480240204431 0.25
14.609999999999733 0.7821350639363105 0.25
14.619999999999733 0.7794810292326249 0.25
14.629999999999733 0.7768402315822471 0.25
14.639999999999732 0.7742126049650986 0.25
14.649999999999732 0.771598083690377 0.25
14.659999999999732 0.7689966023949142 0.25
14.669999999999732 0.7664080960415424 0.25
14.679999999999731 0.7638324999174678 0.25
14.689999999999731 0.7612697496326534 0.25
14.699999999999731 0.7587197811182084 0.25
14.70999999999973 0.7561825306247872 0.25
14.71999999999973 0.7536579347209954 0.25
14.72999999999973 0.7511459302918038 0.25
14.73999999999973 0.7486464545369709 0.25
14.74999999999973 0.7461594449694726 0.25
14.75999999999973 0.7436848394139401 0.25
14.76999999999973 0.7412225760051059 0.25
14.77999999999973 0.7387725931862562 0.25
14.78999999999973 0.7363348297076932 0.25
14.799999999999729 0.7339092246252028 0.25
14.809999999999729 0.7314957172985317 0.25
14.819999999999729 0.7290942473898709 0.25
14.829999999999728 0.7267047548623478 0.25
14.839999999999728 0.7243271799785245 0.25
14.849999999999728 0.7219614632989053 0.25
14.859999999999728 0.7196075456804499 0.25
14.869999999999727 0.7172653682750953 0.25
14.879999999999727 0.7149348725282844 0.25
14.889999999999727 0.7126160001775019 0.25
14.899999999999727 0.7103086932508186 0.25
14.909999999999727 0.7080128940654409 0.25
14.919999999999726 0.7057285452262697 0.25
14.929999999999726 0.7034555896244651 0.25
14.939999999999726 0.7011939704360186 0.25
14.949999999999726 0.6989436311203328 0.25
14.959999999999726 0.6967045154188074 0.25
14.969999999999725 0.6944765673534333 0.25
14.979999999999725 0.6922597312253929 0.25
14.989999999999725 0.6900539516136674 0.25
14.999999999999725 0.6878591733736519 0.25
15.009999999999724 0.6906628624430935 1.25
15.019999999999724 0.693452568054964 1.25
15.029999999999724 0.6962283599520491 1.25
15.039999999999724 0.6989903075292907 1.25
15.049999999999724 0.7017384798355221 1.25
15.059999999999723 0.704472945575194 1.25
15.069999999999723 0.7071937731100925 1.25
15.079999999999723 0.7099010304610475 1.25
15.089999999999723 0.7125947853096338 1.25
15.099999999999723 0.715275104999863 1.25
15.109999999999722 0.717942056539867 1.25
15.119999999999722 0.7205957066035731 1.25
15.129999999999722 0.723236121532371 1.25
15.139999999999722 0.7258633673367717 1.25
15.149999999999721 0.728477509698057 1.25
15.159999999999721 0.7310786139699221 1.25
15.169999999999721 0.7336667451801093 1.25
15.17999999999972 0.7362419680320336 1.25
15.18999999999972 0.7388043469064004 1.25
15.19999999999972 0.7413539458628151 1.25
15.20999999999972 0.7438908286413843 1.25
15.21999999999972 0.7464150586643098 1.25
15.22999999999972 0.7489266990374734 1.25
15.23999999999972 0.7514258125520155 1.25
15.24999999999972 0.7539124616859039 1.25
15.25999999999972 0.7563867086054965 1.25
15.269999999999719 0.7588486151670952 1.25
15.279999999999719 0.7612982429184922 1.25
15.289999999999718 0.763735653100509 1.25
15.299999999999718 0.7661609066485269 1.25
15.309999999999718 0.7685740641940111 1.25
15.319999999999718 0.7709751860660259 1.25
15.329999999999718 0.773364332292743 1.25
15.339999999999717 0.7757415626029427 1.25
15.349999999999717 0.7781069364275065 1.25
15.359999999999717 0.7804605129009032 1.25
15.369999999999717 0.7828023508626673 1.25
15.379999999999717 0.7851325088588696 1.25
15.389999999999716 0.7874510451435817 1.25
15.399999999999716 0.7897580176803312 1.25
15.409999999999716 0.7920534841435516 1.25
15.419999999999716 0.7943375019200243 1.25
15.429999999999715 0.7966101281103125 1.25
15.439999999999715 0.7988714195301894 1.25
15.449999999999715 0.8011214327120582 1.25
15.459999999999715 0.8033602239063657 1.25
15.469999999999715 0.8055878490830084 1.25
15.479999999999714 0.8078043639327317 1.25
15.489999999999714 0.8100098238685223 1.25
15.499999999999714 0.8122042840269934 1.25
15.509999999999714 0.8094002784624457 0.25
15.519999999999714 0.8066102579339949 0.25
15.529999999999713 0.8038341526909826 0.25
15.539999999999713 0.8010718933306331 0.25
15.549999999999713 0.7983234107963186 0.25
15.559999999999713 0.7955886363758325 0.25
15.569999999999713 0.792867501699672 0.25
15.579999999999712 0.7901599387393283 0.25
15.589999999999712 0.7874658798055865 0.25
15.599999999999712 0.7847852575468328 0.25
15.609999999999712 0.7821180049473713 0.25
15.619999999999711 0.7794640553257479 0.25
15.629999999999711 0.7768233423330839 0.25
15.639999999999711 0.7741957999514171 0.25
15.64999999999971 0.7715813624920509 0.25
15.65999999999971 0.7689799645939127 0.25
15.66999999999971 0.7663915412219195 0.25
15.67999999999971 0.7638160276653524 0.25
15.68999999999971 0.7612533595362382 0.25
15.69999999999971 0.7587034727677401 0.25
15.70999999999971 0.7561663036125562 0.25
15.71999999999971 0.7536417886413255 0.25
15.729999999999709 0.7511298647410422 0.25
15.739999999999709 0.748630469113478 0.25
15.749999999999709 0.746143539273612 0.25
15.759999999999708 0.7436690130480685 0.25
15.769999999999708 0.7412068285735633 0.25
15.779999999999708 0.7387569242953562 0.25
15.789999999999708 0.7363192389657125 0.25
15.799999999999708 0.733893711642372 0.25
15.809999999999707 0.7314802816870256 0.25
15.819999999999707 0.7290788887637984 0.25
15.829999999999707 0.7266894728377424 0.25
15.839999999999707 0.7243119741733348 0.25
15.849999999999707 0.7219463333329854 0.25
15.859999999999706 0.7195924911755498 0.25
15.869999999999706 0.7172503888548516 0.25
15.879999999999706 0.7149199678182108 0.25
15.889999999999706 0.7126011698049799 0.25
15.899999999999705 0.710293936845088 0.25
15.909999999999705 0.707998211257591 0.25
15.919999999999705 0.7057139356492295 0.25
15.929999999999705 0.7034410529129943 0.25
15.939999999999705 0.7011795062266988 0.25
15.949999999999704 0.6989292390515578 0.25
15.959999999999704 0.6966901951307749 0.25
15.969999999999704 0.6944623184881353 0.25
15.979999999999704 0.6922455534266071 0.25
15.989999999999704 0.6900398445269482 0.25
15.999999999999703 0.6878451366463212 0.25
16.009999999999703 0.6906488957242325 1.25
16.019999999999705 0.693438670995404 1.25
16.029999999999706 0.6962145322043628 1.25
16.039999999999708 0.6989765487477837 1.25
16.04999999999971 0.7017247896762241 1.25
16.05999999999971 0.7044593236958504 1.25
16.069999999999713 0.7071802191701555 1.25
16.079999999999714 0.709887544121668 1.25
16.089999999999716 0.7125813662336526 1.25
16.099999999999717 0.7152617528518025 1.25
16.10999999999972 0.7179287709859227 1.25
16.11999999999972 0.7205824873116055 1.25
16.129999999999722 0.7232229681718972 1.25
16.139999999999723 0.725850279578957 1.25
16.149999999999725 0.7284644872157067 1.25
16.159999999999727 0.7310656564374735 1.25
16.169999999999728 0.7336538522736233 1.25
16.17999999999973 0.736229139429187 1.25
16.18999999999973 0.7387915822864775 1.25
16.199999999999733 0.7413412449066996 1.25
16.209999999999734 0.7438781910315517 1.25
16.219999999999736 0.7464024840848191 1.25
16.229999999999738 0.7489141871739596 1.25
16.23999999999974 0.7514133630916813 1.25
16.24999999999974 0.753900074317512 1.25
16.259999999999742 0.7563743830193622 1.25
16.269999999999744 0.7588363510550782 1.25
16.279999999999745 0.7612860399739891 1.25
16.289999999999747 0.7637235110184455 1.25
16.29999999999975 0.7661488251253503 1.25
16.30999999999975 0.7685620429276827 1.25
16.31999999999975 0.7709632247560134 1.25
16.329999999999753 0.7733524306400132 1.25
16.339999999999755 0.7757297203099536 1.25
16.349999999999756 0.7780951531982001 1.25
16.359999999999758 0.7804487884406981 1.25
16.36999999999976 0.7827906848784514 1.25
16.37999999999976 0.7851209010589928 1.25
16.389999999999763 0.7874394952378482 1.25
16.399999999999764 0.7897465253799928 1.25
16.409999999999766 0.7920420491613003 1.25
16.419999999999767 0.7943261239699848 1.25
16.42999999999977 0.7965988069080356 1.25
16.43999999999977 0.7988601547926445 1.25
16.449999999999772 0.8011102241576262 1.25
16.459999999999773 0.8033490712548322 1.25
16.469999999999775 0.8055767520555566 1.25
16.479999999999777 0.8077933222519351 1.25
16.489999999999778 0.8099988372583384 1.25
16.49999999999978 0.8121933522127565 1.25
16.50999999999978 0.8093894011708597 0.25
16.519999999999783 0.806599434893127 0.25
16.529999999999784 0.8038233836302563 0.25
16.539999999999786 0.8010611779808213 0.25
16.549999999999788 0.798312748889537 0.25
16.55999999999979 0.7955780276455329 0.25
16.56999999999979 0.7928569458806355 0.25
16.579999999999792 0.7901494355676589 0.25
16.589999999999794 0.7874554290187044 0.25
16.599999999999795 0.7847748588834678 0.25
16.609999999999797 0.7821076581475561 0.25
16.6199999999998 0.7794537601308121 0.25
16.6299999999998 0.7768130984856472 0.25
16.6399999999998 0.7741856071953825 0.25
16.649999999999803 0.7715712205725991 0.25
16.659999999999805 0.7689698732574952 0.25
16.669999999999806 0.7663815002162524 0.25
16.679999999999808 0.7638060367394099 0.25
16.68999999999981 0.7612434184402467 0.25
16.69999999999981 0.7586935812531718 0.25
16.709999999999813 0.7561564614321227 0.25
16.719999999999814 0.7536319955489716 0.25
16.729999999999816 0.7511201204919402 0.25
16.739999999999817 0.7486207734640211 0.25
16.74999999999982 0.7461338919814084 0.25
16.75999999999982 0.7436594138719357 0.25
16.769999999999822 0.7411972772735211 0.25
16.779999999999824 0.7387474206326217 0.25
16.789999999999825 0.7363097827026936 0.25
16.799999999999827 0.7338843025426618 0.25
16.809999999999828 0.7314709195153959 0.25
16.81999999999983 0.7290695732861945 0.25
16.82999999999983 0.7266802038212767 0.25
16.839999999999833 0.7243027513862816 0.25
16.849999999999834 0.7219371565447745 0.25
16.859999999999836 0.7195833601567612 0.25
16.869999999999838 0.7172413033772091 0.25
16.87999999999984 0.7149109276545771 0.25
16.88999999999984 0.7125921747293505 0.25
16.899999999999842 0.7102849866325855 0.25
16.909999999999844 0.7079893056844596 0.25
16.919999999999845 0.7057050744928294 0.25
16.929999999999847 0.7034322359517962 0.25
16.93999999999985 0.701170733240278 0.25
16.94999999999985 0.6989205098205893 0.25
16.95999999999985 0.6966815094370274 0.25
16.969999999999853 0.6944536761144662 0.25
16.979999999999855 0.6922369541569564 0.25
16.989999999999856 0.6900312881463337 0.25
16.999999999999858 0.687836622940833 0.25
17.00999999999986 0.6906404244810276 1.25
17.01999999999986 0.6934302420027009 1.25
17.029999999999863 0.6962061452514362 1.25
17.039999999999864 0.6989682036249594 1.25
17.049999999999866 0.7017164861748735 1.25
17.059999999999867 0.7044510616083856 1.25
17.06999999999987 0.7071719982900238 1.25
17.07999999999987 0.709879364243347 1.25
17.089999999999872 0.7125732271526449 1.25
17.099999999999874 0.7152536543646307 1.25
17.109999999999875 0.7179207128901243 1.25
17.119999999999877 0.7205744694057276 1.25
17.129999999999878 0.7232149902554917 1.25
17.13999999999988 0.7258423414525755 1.25
17.14999999999988 0.7284565886808957 1.25
17.159999999999883 0.7310577972967691 1.25
17.169999999999884 0.7336460323305467 1.25
17.179999999999886 0.7362213584882391 1.25
17.189999999999888 0.7387838401531345 1.25
17.19999999999989 0.7413335413874078 1.25
17.20999999999989 0.7438705259337227 1.25
17.219999999999892 0.7463948572168251 1.25
17.229999999999894 0.7489065983451284 1.25
17.239999999999895 0.7514058121122917 1.25
17.249999999999897 0.7538925609987893 1.25
17.2599999999999 0.7563669071734729 1.25
17.2699999999999 0.7588289124951257 1.25
17.2799999999999 0.7612786385140091 1.25
17.289999999999903 0.7637161464734011 1.25
17.299999999999905 0.7661414973111277 1.25
17.309999999999906 0.768554751661086 1.25
17.319999999999908 0.7709559698547606 1.25
17.32999999999991 0.7733452119227313 1.25
17.33999999999991 0.7757225375961743 1.25
17.349999999999913 0.7780880063083552 1.25
17.359999999999914 0.780441677196115 1.25
17.369999999999916 0.7827836091013486 1.25
17.379999999999917 0.7851138605724755 1.25
17.38999999999992 0.7874324898659038 1.25
17.39999999999992 0.7897395549474867 1.25
17.409999999999922 0.7920351134939714 1.25
17.419999999999924 0.7943192228944411 1.25
17.429999999999925 0.7965919402517498 1.25
17.439999999999927 0.7988533223839498 1.25
17.44999999999993 0.8011034258257121 1.25
17.45999999999993 0.8033423068297401 1.25
17.46999999999993 0.8055700213681752 1.25
17.479999999999933 0.8077866251339972 1.25
17.489999999999934 0.8099921735424156 1.25
17.499999999999936 0.8121867217322554 1.25
17.509999999999938 0.809382803760018 0.25
17.51999999999994 0.8065928703870092 0.25
17.52999999999994 0.8038168518647494 0.25
17.539999999999942 0.8010546787926308 0.25
17.549999999999944 0.7983062821161828 0.25
17.559999999999945 0.7955715931253453 0.25
17.569999999999947 0.7928505434527512 0.25
17.57999999999995 0.7901430650720169 0.25
17.58999999999995 0.7874490902960419 0.25
17.59999999999995 0.7847685517753165 0.25
17.609999999999953 0.782101382496238 0.25
17.619999999999955 0.7794475157794355 0.25
17.629999999999956 0.7768068852781029 0.25
17.639999999999958 0.7741794249763402 0.25
17.64999999999996 0.7715650691875029 0.25
17.65999999999996 0.7689637525525601 0.25
17.669999999999963 0.7663754100384605 0.25
17.679999999999964 0.7637999769365065 0.25
17.689999999999966 0.7612373888607363 0.25
17.699999999999967 0.7586875817463147 0.25
17.70999999999997 0.7561504918479308 0.25
17.71999999999997 0.7536260557382052 0.25
17.729999999999972 0.7511142103061036 0.25
17.739999999999974 0.7486148927553593 0.25
17.749999999999975 0.7461280406029035 0.25
17.759999999999977 0.7436535916773028 0.25
17.76999999999998 0.7411914841172051 0.25
17.77999999999998 0.7387416563697933 0.25
17.78999999999998 0.736304047189246 0.25
17.799999999999983 0.7338785956352069 0.25
17.809999999999985 0.7314652410712605 0.25
17.819999999999986 0.7290639231634174 0.25
17.829999999999988 0.7266745818786047 0.25
17.83999999999999 0.7242971574831657 0.25
17.84999999999999 0.7219315905413668 0.25
17.859999999999992 0.7195778219139112 0.25
17.869999999999994 0.7172357927564605 0.25
17.879999999999995 0.7149054445181642 0.25
17.889999999999997 0.7125867189401945 0.25
17.9 0.7102795580542915 0.25
17.91 0.7079839041813127 0.25
17.92 0.7056996999297919 0.25
17.930000000000003 0.7034268881945036 0.25
17.940000000000005 0.7011654121550361 0.25
17.950000000000006 0.6989152152743708 0.25
17.960000000000008 0.6966762412974684 0.25
17.97000000000001 0.6944484342498629 0.25
17.98000000000001 0.692231738436262 0.25
17.990000000000013 0.6900260984391549 0.25
18.000000000000014 0.6928189799247444 1.25
18.010000000000016 0.6955979318558122 1.25
18.020000000000017 0.6983630237063013 1.25
18.03000000000002 0.701114324603652 1.25
18.04000000000002 0.7038519033305298 1.25
18.050000000000022 0.7065758283265458 1.25
18.060000000000024 0.7092861676899664 1.25
18.070000000000025 0.7119829891794173 1.25
18.080000000000027 0.7146663602155758 1.25
18.09000000000003 0.7173363478828577 1.25
18.10000000000003 0.7199930189310938 1.25
18.11000000000003 0.7226364397771986 1.25
18.120000000000033 0.725266676506831 1.25
18.130000000000035 0.7278837948760462 1.25
18.140000000000036 0.7304878603129397 1.25
18.150000000000038 0.733078937919283 1.25
18.16000000000004 0.7356570924721514 1.25
18.17000000000004 0.7382223884255428 1.25
18.180000000000042 0.7407748899119897 1.25
18.190000000000044 0.7433146607441623 1.25
18.200000000000045 0.7458417644164637 1.25
18.210000000000047 0.7483562641066172 1.25
18.22000000000005 0.750858222677246 1.25
18.23000000000005 0.7533477026774448 1.25
18.24000000000005 0.7558247663443431 1.25
18.250000000000053 0.7582894756046619 1.25
18.260000000000055 0.7607418920762608 1.25
18.270000000000056 0.7631820770696793 1.25
18.280000000000058 0.7656100915896695 1.25
18.29000000000006 0.7680259963367208 1.25
18.30000000000006 0.7704298517085776 1.25
18.310000000000063 0.7728217178017495 1.25
18.320000000000064 0.7752016544130134 1.25
18.330000000000066 0.7775697210409085 1.25
18.340000000000067 0.7799259768872239 1.25
18.35000000000007 0.7822704808584784 1.25
18.36000000000007 0.7846032915673935 1.25
18.370000000000072 0.7869244673343583 1.25
18.380000000000074 0.7892340661888879 1.25
18.390000000000075 0.791532145871074 1.25
18.400000000000077 0.7938187638330283 1.25
18.41000000000008 0.796093977240319 1.25
18.42000000000008 0.7983578429733997 1.25
18.43000000000008 0.8006104176290317 1.25
18.440000000000083 0.8028517575216987 1.25
18.450000000000085 0.8050819186850147 1.25
18.460000000000086 0.8073009568731251 1.25
18.470000000000088 0.8095089275621 1.25
18.48000000000009 0.8117058859513218 1.25
18.49000000000009 0.8138918869648644 1.25
18.500000000000092 0.8110794644455495 0.25
18.510000000000094 0.8082810689420686 0.25
18.520000000000095 0.8054966304943885 0.25
18.530000000000097 0.8027260794914028 0.25
18.5400000000001 0.7999693466691924 0.25
18.5500000000001 0.7972263631092928 0.25
18.5600000000001 0.7944970602369724 0.25
18.570000000000103 0.7917813698195172 0.25
18.580000000000105 0.7890792239645252 0.25
18.590000000000106 0.7863905551182095 0.25
18.600000000000108 0.7837152960637088 0.25
18.61000000000011 0.7810533799194074 0.25
18.62000000000011 0.7784047401372629 0.25
18.630000000000113 0.7757693105011431 0.25
18.640000000000114 0.7731470251251695 0.25
18.650000000000116 0.7705378184520714 0.25
18.660000000000117 0.7679416252515459 0.25
18.67000000000012 0.7653583806186278 0.25
18.68000000000012 0.7627880199720669 0.25
18.690000000000122 0.760230479052713 0.25
18.700000000000124 0.75768569392191 0.25
18.710000000000125 0.7551536009598969 0.25
18.720000000000127 0.752634136864218 0.25
18.73000000000013 0.7501272386481396 0.25
18.74000000000013 0.7476328436390756 0.25
18.75000000000013 0.745150889477021 0.25
18.760000000000133 0.7426813141129925 0.25
18.770000000000135 0.7402240558074773 0.25
18.780000000000136 0.7377790531288899 0.25
18.790000000000138 0.7353462449520358 0.25
18.80000000000014 0.732925570456584 0.25
18.81000000000014 0.730516969125546 0.25
18.820000000000142 0.7281203807437631 0.25
18.830000000000144 0.7257357453964008 0.25
18.840000000000146 0.7233630034674515 0.25
18.850000000000147 0.7210020956382432 0.25
18.86000000000015 0.7186529628859573 0.25
18.87000000000015 0.7163155464821525 0.25
18.88000000000015 0.7139897879912971 0.25
18.890000000000153 0.7116756292693076 0.25
18.900000000000155 0.7093730124620954 0.25
18.910000000000156 0.7070818800041205 0.25
18.920000000000158 0.7048021746169522 0.25
18.93000000000016 0.7025338393078369 0.25
18.94000000000016 0.7002768173682736 0.25
18.950000000000163 0.6980310523725965 0.25
18.960000000000164 0.6957964881765638 0.25
18.970000000000166 0.693573068915954 0.25
18.980000000000167 0.6913607390051699 0.25
18.99000000000017 0.6891594431358485 0.25
19.00000000000017 0.6919566470827961 1.25
19.010000000000172 0.694739899916856 1.25
19.020000000000174 0.697509271219494 1.25
19.030000000000175 0.7002648302251369 1.25
19.040000000000177 0.7030066458229033 1.25
19.05000000000018 0.705734786558326 1.25
19.06000000000018 0.7084493206350655 1.25
19.07000000000018 0.7111503159166151 1.25
19.080000000000183 0.7138378399279975 1.25
19.090000000000185 0.7165119598574531 1.25
19.100000000000186 0.7191727425581191 1.25
19.110000000000188 0.7218202545497019 1.25
19.12000000000019 0.724454562020139 1.25
19.13000000000019 0.7270757308272545 1.25
19.140000000000192 0.729683826500405 1.25
19.150000000000194 0.7322789142421181 1.25
19.160000000000196 0.7348610589297226 1.25
19.170000000000197 0.7374303251169703 1.25
19.1800000000002 0.7399867770356494 1.25
19.1900000000002 0.7425304785971912 1.25
19.200000000000202 0.7450614933942673 1.25
19.210000000000203 0.7475798847023793 1.25
19.220000000000205 0.7500857154814412 1.25
19.230000000000206 0.7525790483773529 1.25
19.240000000000208 0.7550599457235666 1.25
19.25000000000021 0.7575284695426452 1.25
19.26000000000021 0.7599846815478128 1.25
19.270000000000213 0.7624286431444975 1.25
19.280000000000214 0.7648604154318664 1.25
19.290000000000216 0.7672800592043535 1.25
19.300000000000217 0.7696876349531789 1.25
19.31000000000022 0.7720832028678619 1.25
19.32000000000022 0.774466822837725 1.25
19.330000000000222 0.7768385544533918 1.25
19.340000000000224 0.779198457008276 1.25
19.350000000000225 0.7815465895000644 1.25
19.360000000000227 0.7838830106321917 1.25
19.37000000000023 0.7862077788153079 1.25
19.38000000000023 0.7885209521687386 1.25
19.39000000000023 0.7908225885219382 1.25
19.400000000000233 0.7931127454159352 1.25
19.410000000000235 0.7953914801047715 1.25
19.420000000000236 0.7976588495569328 1.25
19.430000000000238 0.7999149104567735 1.25
19.44000000000024 0.8021597192059338 1.25
19.45000000000024 0.8043933319247492 1.25
19.460000000000242 0.806615804453654 1.25
19.470000000000244 0.8088271923545772 1.25
19.480000000000246 0.8110275509123315 1.25
19.490000000000247 0.8132169351359955 1.25
19.50000000000025 0.810407878952971 0.25
19.51000000000025 0.8076128329961082 0.25
19.520000000000252 0.8048317273891128 0.25
19.530000000000253 0.8020644926041995 0.25
19.540000000000255 0.7993110594603549 0.25
19.550000000000257 0.7965713591216066 0.25
19.560000000000258 0.7938453230953036 0.25
19.57000000000026 0.7911328832304034 0.25
19.58000000000026 0.788433971715768 0.25
19.590000000000263 0.7857485210784689 0.25
19.600000000000264 0.7830764641821004 0.25
19.610000000000266 0.7804177342251009 0.25
19.620000000000267 0.7777722647390829 0.25
19.63000000000027 0.7751399895871716 0.25
19.64000000000027 0.7725208429623509 0.25
19.650000000000272 0.769914759385819 0.25
19.660000000000274 0.7673216737053506 0.25
19.670000000000275 0.7647415210936688 0.25
19.680000000000277 0.7621742370468237 0.25
19.69000000000028 0.7596197573825807 0.25
19.70000000000028 0.7570780182388149 0.25
19.71000000000028 0.7545489560719154 0.25
19.720000000000283 0.7520325076551964 0.25
19.730000000000285 0.7495286100773162 0.25
19.740000000000286 0.7470372007407051 0.25
19.750000000000288 0.7445582173599999 0.25
19.76000000000029 0.742091597960487 0.25
19.77000000000029 0.7396372808765528 0.25
19.780000000000292 0.7371952047501426 0.25
19.790000000000294 0.7347653085292258 0.25
19.800000000000296 0.7323475314662706 0.25
19.810000000000297 0.7299418131167243 0.25
19.8200000000003 0.7275480933375029 0.25
19.8300000000003 0.7251663122854872 0.25
19.840000000000302 0.7227964104160269 0.25
19.850000000000303 0.720438328481452 0.25
19.860000000000305 0.7180920075295909 0.25
19.870000000000307 0.7157573889022979 0.25
19.880000000000308 0.7134344142339857 0.25
19.89000000000031 0.7111230254501666 0.25
19.90000000000031 0.7088231647660006 0.25
19.910000000000313 0.7065347746848508 0.25
19.920000000000314 0.7042577979968461 0.25
19.930000000000316 0.7019921777774505 0.25
19.940000000000317 0.6997378573860407 0.25
19.95000000000032 0.6974947804644893 0.25
19.96000000000032 0.6952628909357566 0.25
19.970000000000322 0.6930421330024881 0.25
19.980000000000324 0.6908324511456198 0.25
19.990000000000325 0.6886337901229902 0.25
