0 1.4975062395963412 1.0
0.01 1.5000124376819017 2.0
0.02 1.5025061360523633 2.0
0.03 1.504987397050315 2.0
0.04 1.507456282707411 2.0
0.05 1.5099128547459213 2.0
0.060000000000000005 1.5123571745802749 2.0
0.07 1.5147893033185948 2.0
0.08 1.5172093017642265 2.0
0.09 1.5196172304172568 2.0
0.09999999999999999 1.5220131494760276 2.0
0.10999999999999999 1.5243971188386403 2.0
0.11999999999999998 1.5267691981044527 2.0
0.12999999999999998 1.5291294465755703 2.0
0.13999999999999999 1.5314779232583278 2.0
0.15 1.5338146868647646 2.0
0.16 1.5361397958140925 2.0
0.17 1.5384533082341565 2.0
0.18000000000000002 1.5407552819628874 2.0
0.19000000000000003 1.5430457745497481 2.0
0.20000000000000004 1.545324843257173 2.0
0.21000000000000005 1.547592545061998 2.0
0.22000000000000006 1.549848936656887 2.0
0.23000000000000007 1.552094074451747 2.0
0.24000000000000007 1.55432801457514 2.0
0.25000000000000006 1.556550812875685 2.0
0.26000000000000006 1.5587625249234558 2.0
0.2700000000000001 1.5609632060113685 2.0
0.2800000000000001 1.563152911156565 2.0
0.2900000000000001 1.5653316951017877 2.0
0.3000000000000001 1.567499612316749 2.0
0.3100000000000001 1.5696567169994922 2.0
0.3200000000000001 1.5718030630777466 2.0
0.3300000000000001 1.5739387042102762 2.0
0.34000000000000014 1.5760636937882202 2.0
0.35000000000000014 1.5781780849364289 2.0
0.36000000000000015 1.580281930514791 2.0
0.37000000000000016 1.5823752831195557 2.0
0.38000000000000017 1.584458195084647 2.0
0.3900000000000002 1.5865307184829727 2.0
0.4000000000000002 1.5885929051277254 2.0
0.4100000000000002 1.5906448065736791 2.0
0.4200000000000002 1.5926864741184765 2.0
0.4300000000000002 1.5947179588039124 2.0
0.4400000000000002 1.5967393114172101 2.0
0.45000000000000023 1.59875058249229 2.0
0.46000000000000024 1.6007518223110337 2.0
0.47000000000000025 1.602743080904541 2.0
0.48000000000000026 1.6047244080543805 2.0
0.49000000000000027 1.606695853293834 2.0
0.5000000000000002 1.6036699451018177 1.0
0.5100000000000002 1.6006591286898701 1.0
0.5200000000000002 1.5976633287874242 1.0
0.5300000000000002 1.5946824704993263 1.0
0.5400000000000003 1.591716479303964 1.0
0.5500000000000003 1.5887652810514026 1.0
0.5600000000000003 1.5858288019615325 1.0
0.5700000000000003 1.5829069686222232 1.0
0.5800000000000003 1.5799997079874895 1.0
0.5900000000000003 1.5771069473756638 1.0
0.6000000000000003 1.5742286144675801 1.0
0.6100000000000003 1.5713646373047658 1.0
0.6200000000000003 1.5685149442876427 1.0
0.6300000000000003 1.565679464173737 1.0
0.6400000000000003 1.5628581260758982 1.0
0.6500000000000004 1.560050859460527 1.0
0.6600000000000004 1.5572575941458113 1.0
0.6700000000000004 1.5544782602999732 1.0
0.6800000000000004 1.5517127884395219 1.0
0.6900000000000004 1.5489611094275166 1.0
0.7000000000000004 1.5462231544718388 1.0
0.7100000000000004 1.5434988551234716 1.0
0.7200000000000004 1.5407881432747899 1.0
0.7300000000000004 1.538090951157856 1.0
0.7400000000000004 1.5354072113427268 1.0
0.7500000000000004 1.532736856735767 1.0
0.7600000000000005 1.5300798205779724 1.0
0.7700000000000005 1.5274360364433006 1.0
0.7800000000000005 1.5248054382370104 1.0
0.7900000000000005 1.5221879601940098 1.0
0.8000000000000005 1.5195835368772115 1.0
0.8100000000000005 1.5169921031758968 1.0
0.8200000000000005 1.5144135943040882 1.0
0.8300000000000005 1.5118479457989293 1.0
0.8400000000000005 1.5092950935190743 1.0
0.8500000000000005 1.506754973643083 1.0
0.8600000000000005 1.5042275226678263 1.0
0.8700000000000006 1.5017126774068983 1.0
0.8800000000000006 1.4992103749890364 1.0
0.8900000000000006 1.4967205528565497 1.0
0.9000000000000006 1.4942431487637553 1.0
0.9100000000000006 1.4917781007754218 1.0
0.9200000000000006 1.4893253472652213 1.0
0.9300000000000006 1.486884826914188 1.0
0.9400000000000006 1.4844564787091863 1.0
0.9500000000000006 1.4820402419413843 1.0
0.9600000000000006 1.4796360562047373 1.0
0.9700000000000006 1.4772438613944763 1.0
0.9800000000000006 1.4748635977056068 1.0
0.9900000000000007 1.4724952056314125 1.0
1.0000000000000007 1.4751261467692856 2.0
1.0100000000000007 1.4777439660334908 2.0
1.0200000000000007 1.480348728869646 2.0
1.0300000000000007 1.4829405003969578 2.0
1.0400000000000007 1.4855193454098492 2.0
1.0500000000000007 1.4880853283795799 2.0
1.0600000000000007 1.490638513455858 2.0
1.0700000000000007 1.4931789644684432 2.0
1.0800000000000007 1.4957067449287431 2.0
1.0900000000000007 1.498221918031401 2.0
1.1000000000000008 1.5007245466558752 2.0
1.1100000000000008 1.503214693368012 2.0
1.1200000000000008 1.5056924204216087 2.0
1.1300000000000008 1.5081577897599707 2.0
1.1400000000000008 1.51061086301746 2.0
1.1500000000000008 1.5130517015210356 2.0
1.1600000000000008 1.5154803662917873 2.0
1.1700000000000008 1.517896918046461 2.0
1.1800000000000008 1.5203014171989762 2.0
1.1900000000000008 1.522693923861937 2.0
1.2000000000000008 1.5250744978481348 2.0
1.2100000000000009 1.527443198672043 2.0
1.2200000000000009 1.5298000855513056 2.0
1.2300000000000009 1.5321452174082175 2.0
1.2400000000000009 1.5344786528711971 2.0
1.2500000000000009 1.5368004502762527 2.0
1.260000000000001 1.53911066766844 2.0
1.270000000000001 1.5414093628033145 2.0
1.280000000000001 1.5436965931483742 2.0
1.290000000000001 1.5459724158844965 2.0
1.300000000000001 1.5482368879073687 2.0
1.310000000000001 1.5504900658289094 2.0
1.320000000000001 1.5527320059786835 2.0
1.330000000000001 1.5549627644053121 2.0
1.340000000000001 1.5571823968778717 2.0
1.350000000000001 1.5593909588872898 2.0
1.360000000000001 1.5615885056477317 2.0
1.370000000000001 1.563775092097981 2.0
1.380000000000001 1.5659507729028124 2.0
1.390000000000001 1.5681156024543599 2.0
1.400000000000001 1.5702696348734746 2.0
1.410000000000001 1.5724129240110793 2.0
1.420000000000001 1.5745455234495143 2.0
1.430000000000001 1.5766674865038763 2.0
1.440000000000001 1.5787788662233524 2.0
1.450000000000001 1.5808797153925453 2.0
1.460000000000001 1.5829700865327938 2.0
1.470000000000001 1.5850500319034855 2.0
1.480000000000001 1.5871196035033628 2.0
1.490000000000001 1.5891788530718234 2.0
1.500000000000001 1.586240311282896 1.0
1.5100000000000011 1.583316425532284 1.0
1.5200000000000011 1.5804071227226917 1.0
1.5300000000000011 1.577512330121397 1.0
1.5400000000000011 1.574631975358434 1.0
1.5500000000000012 1.5717659864247837 1.0
1.5600000000000012 1.5689142916705736 1.0
1.5700000000000012 1.5660768198032864 1.0
1.5800000000000012 1.5632534998859773 1.0
1.5900000000000012 1.5604442613355016 1.0
1.6000000000000012 1.557649033920749 1.0
1.6100000000000012 1.5548677477608885 1.0
1.6200000000000012 1.5521003333236216 1.0
1.6300000000000012 1.549346721423443 1.0
1.6400000000000012 1.5466068432199118 1.0
1.6500000000000012 1.5438806302159302 1.0
1.6600000000000013 1.5411680142560313 1.0
1.6700000000000013 1.5384689275246746 1.0
1.6800000000000013 1.535783302544551 1.0
1.6900000000000013 1.5331110721748966 1.0
1.7000000000000013 1.5304521696098128 1.0
1.7100000000000013 1.5278065283765971 1.0
1.7200000000000013 1.5251740823340807 1.0
1.7300000000000013 1.5225547656709755 1.0
1.7400000000000013 1.5199485129042285 1.0
1.7500000000000013 1.5173552588773846 1.0
1.7600000000000013 1.5147749387589586 1.0
1.7700000000000014 1.5122074880408127 1.0
1.7800000000000014 1.5096528425365454 1.0
1.7900000000000014 1.5071109383798857 1.0
1.8000000000000014 1.5045817120230978 1.0
1.8100000000000014 1.5020651002353906 1.0
1.8200000000000014 1.4995610401013386 1.0
1.8300000000000014 1.497069469019308 1.0
1.8400000000000014 1.494590324699892 1.0
1.8500000000000014 1.4921235451643533 1.0
1.8600000000000014 1.4896690687430751 1.0
1.8700000000000014 1.4872268340740191 1.0
1.8800000000000014 1.4847967801011914 1.0
1.8900000000000015 1.4823788460731162 1.0
1.9000000000000015 1.4799729715413166 1.0
1.9100000000000015 1.477579096358804 1.0
1.9200000000000015 1.4751971606785745 1.0
1.9300000000000015 1.472827104952112 1.0
1.9400000000000015 1.4704688699278996 1.0
1.9500000000000015 1.468122396649939 1.0
1.9600000000000015 1.465787626456276 1.0
1.9700000000000015 1.4634645009775342 1.0
1.9800000000000015 1.4611529621354555 1.0
1.9900000000000015 1.4588529521414488 1.0
2.0000000000000013 1.4615519343024619 2.0
2.010000000000001 1.4642374552337882 2.0
2.020000000000001 1.4669095820735913 2.0
2.0300000000000007 1.469568381625181 2.0
2.0400000000000005 1.4722139203586846 2.0
2.0500000000000003 1.4748462644127083 2.0
2.06 1.4774654795959905 2.0
2.07 1.4800716313890474 2.0
2.0799999999999996 1.4826647849458092 2.0
2.0899999999999994 1.4852450050952501 2.0
2.099999999999999 1.4878123563430083 2.0
2.109999999999999 1.4903669028729984 2.0
2.1199999999999988 1.4929087085490171 2.0
2.1299999999999986 1.4954378369163384 2.0
2.1399999999999983 1.4979543512033033 2.0
2.149999999999998 1.5004583143229002 2.0
2.159999999999998 1.5029497888743373 2.0
2.1699999999999977 1.505428837144608 2.0
2.1799999999999975 1.5078955211100487 2.0
2.1899999999999973 1.5103499024378866 2.0
2.199999999999997 1.5127920424877828 2.0
2.209999999999997 1.5152220023133656 2.0
2.2199999999999966 1.5176398426637574 2.0
2.2299999999999964 1.520045623985093 2.0
2.239999999999996 1.5224394064220306 2.0
2.249999999999996 1.5248212498192557 2.0
2.259999999999996 1.5271912137229773 2.0
2.2699999999999956 1.5295493573824166 2.0
2.2799999999999954 1.5318957397512878 2.0
2.289999999999995 1.5342304194892722 2.0
2.299999999999995 1.5365534549634852 2.0
2.3099999999999947 1.5388649042499343 2.0
2.3199999999999945 1.541164825134972 2.0
2.3299999999999943 1.5434532751167407 2.0
2.339999999999994 1.5457303114066088 2.0
2.349999999999994 1.547995990930602 2.0
2.3599999999999937 1.5502503703308266 2.0
2.3699999999999934 1.552493505966885 2.0
2.3799999999999932 1.554725453917285 2.0
2.389999999999993 1.5569462699808414 2.0
2.399999999999993 1.5591560096780717 2.0
2.4099999999999926 1.5613547282525833 2.0
2.4199999999999924 1.563542480672455 2.0
2.429999999999992 1.5657193216316112 2.0
2.439999999999992 1.5678853055511897 2.0
2.4499999999999917 1.5700404865809008 2.0
2.4599999999999915 1.5721849186003827 2.0
2.4699999999999913 1.5743186552205475 2.0
2.479999999999991 1.576441749784922 2.0
2.489999999999991 1.5785542553709806 2.0
2.4999999999999907 1.5806562247914733 2.0
2.5099999999999905 1.5777601897884272 1.0
2.5199999999999902 1.5748785988202176 1.0
2.52999999999999 1.5720113798469202 1.0
2.53999999999999 1.5691584611879112 1.0
2.5499999999999896 1.5663197715200756 1.0
2.5599999999999894 1.563495239876024 1.0
2.569999999999989 1.560684795642318 1.0
2.579999999999989 1.5578883685577054 1.0
2.5899999999999888 1.5551058887113633 1.0
2.5999999999999885 1.5523372865411509 1.0
2.6099999999999883 1.5495824928318696 1.0
2.619999999999988 1.5468414387135332 1.0
2.629999999999988 1.5441140556596458 1.0
2.6399999999999877 1.5414002754854894 1.0
2.6499999999999875 1.538700030346418 1.0
2.6599999999999873 1.5360132527361627 1.0
2.669999999999987 1.533339875485143 1.0
2.679999999999987 1.5306798317587886 1.0
2.6899999999999866 1.5280330550558678 1.0
2.6999999999999864 1.525399479206825 1.0
2.709999999999986 1.5227790383721271 1.0
2.719999999999986 1.5201716670406165 1.0
2.7299999999999858 1.5175773000278743 1.0
2.7399999999999856 1.51499587247459 1.0
2.7499999999999853 1.5124273198449403 1.0
2.759999999999985 1.5098715779249756 1.0
2.769999999999985 1.5073285828210148 1.0
2.7799999999999847 1.504798270958048 1.0
2.7899999999999845 1.5022805790781468 1.0
2.7999999999999843 1.499775444238883 1.0
2.809999999999984 1.4972828038117552 1.0
2.819999999999984 1.4948025954806228 1.0
2.8299999999999836 1.4923347572401484 1.0
2.8399999999999834 1.4898792273942476 1.0
2.849999999999983 1.4874359445545462 1.0
2.859999999999983 1.4850048476388458 1.0
2.869999999999983 1.4825858758695971 1.0
2.8799999999999826 1.4801789687723799 1.0
2.8899999999999824 1.4777840661743913 1.0
2.899999999999982 1.4754011082029417 1.0
2.909999999999982 1.4730300352839576 1.0
2.9199999999999817 1.4706707881404926 1.0
2.9299999999999815 1.4683233077912452 1.0
2.9399999999999813 1.4659875355490846 1.0
2.949999999999981 1.463663413019583 1.0
2.959999999999981 1.4613508820995558 1.0
2.9699999999999807 1.45904988497561 1.0
2.9799999999999804 1.4567603641226974 1.0
2.9899999999999802 1.4544822623026774 1.0
2.99999999999998 1.452215522562886 1.0
3.00999999999998 1.4549476090420295 2.0
3.0199999999999796 1.4576660691830106 2.0
3.0299999999999794 1.4603709709474746 2.0
3.039999999999979 1.4630623819581068 2.0
3.049999999999979 1.4657403695003222 2.0
3.0599999999999787 1.468405000523949 2.0
3.0699999999999785 1.471056341644902 2.0
3.0799999999999783 1.4736944591468468 2.0
3.089999999999978 1.4763194189828586 2.0
3.099999999999978 1.4789312867770699 2.0
3.1099999999999777 1.4815301278263115 2.0
3.1199999999999775 1.4841160071017452 2.0
3.1299999999999772 1.4866889892504873 2.0
3.139999999999977 1.4892491385972257 2.0
3.149999999999977 1.4917965191458276 2.0
3.1599999999999766 1.494331194580939 2.0
3.1699999999999764 1.4968532282695781 2.0
3.179999999999976 1.4993626832627183 2.0
3.189999999999976 1.5018596222968652 2.0
3.1999999999999758 1.5043441077956246 2.0
3.2099999999999755 1.5068162018712634 2.0
3.2199999999999753 1.5092759663262625 2.0
3.229999999999975 1.511723462654861 2.0
3.239999999999975 1.514158752044595 2.0
3.2499999999999747 1.5165818953778256 2.0
3.2599999999999745 1.5189929532332629 2.0
3.2699999999999743 1.5213919858874785 2.0
3.279999999999974 1.5237790533164137 2.0
3.289999999999974 1.5261542151968785 2.0
3.2999999999999736 1.5285175309080439 2.0
3.3099999999999734 1.5308690595329255 2.0
3.319999999999973 1.5332088598598617 2.0
3.329999999999973 1.5355369903839822 2.0
3.3399999999999728 1.5378535093086714 2.0
3.3499999999999726 1.5401584745470231 2.0
3.3599999999999723 1.5424519437232886 2.0
3.369999999999972 1.5447339741743165 2.0
3.379999999999972 1.5470046229509868 2.0
3.3899999999999717 1.5492639468196376 2.0
3.3999999999999715 1.551512002263483 2.0
3.4099999999999713 1.553748845484026 2.0
3.419999999999971 1.5559745324024639 2.0
3.429999999999971 1.5581891186610854 2.0
3.4399999999999706 1.5603926596246627 2.0
3.4499999999999704 1.5625852103818343 2.0
3.45999999999997 1.5647668257464833 2.0
3.46999999999997 1.5669375602591076 2.0
3.47999999999997 1.569097468188183 2.0
3.4899999999999696 1.5712466035315205 2.0
3.4999999999999694 1.5733850200176152 2.0
3.509999999999969 1.570525250299673 1.0
3.519999999999969 1.567679743742703 1.0
3.5299999999999687 1.5648484292088936 1.0
3.5399999999999685 1.5620312359152335 1.0
3.5499999999999683 1.5592280934317437 1.0
3.559999999999968 1.5564389316797165 1.0
3.569999999999968 1.5536636809299624 1.0
3.5799999999999677 1.550902271801068 1.0
3.5899999999999674 1.5481546352576618 1.0
3.5999999999999672 1.5454207026086866 1.0
3.609999999999967 1.5427004055056839 1.0
3.619999999999967 1.5399936759410844 1.0
3.6299999999999666 1.5373004462465083 1.0
3.6399999999999664 1.5346206490910728 1.0
3.649999999999966 1.5319542174797094 1.0
3.659999999999966 1.529301084751489 1.0
3.6699999999999657 1.526661184577955 1.0
3.6799999999999655 1.5240344509614658 1.0
3.6899999999999653 1.5214208182335442 1.0
3.699999999999965 1.518820221053236 1.0
3.709999999999965 1.516232594405476 1.0
3.7199999999999647 1.513657873599463 1.0
3.7299999999999645 1.511095994267043 1.0
3.7399999999999642 1.5085468923610994 1.0
3.749999999999964 1.5060105041539518 1.0
3.759999999999964 1.5034867662357625 1.0
3.7699999999999636 1.5009756155129526 1.0
3.7799999999999634 1.498476989206623 1.0
3.789999999999963 1.495990824850986 1.0
3.799999999999963 1.4935170602918029 1.0
3.8099999999999627 1.4910556336848313 1.0
3.8199999999999625 1.4886064834942776 1.0
3.8299999999999623 1.4861695484912596 1.0
3.839999999999962 1.4837447677522753 1.0
3.849999999999962 1.4813320806576797 1.0
3.8599999999999617 1.47893142689017 1.0
3.8699999999999615 1.476542746433277 1.0
3.8799999999999613 1.4741659795698647 1.0
3.889999999999961 1.4718010668806378 1.0
3.899999999999961 1.469447949242656 1.0
3.9099999999999606 1.4671065678278556 1.0
3.9199999999999604 1.4647768641015795 1.0
3.92999999999996 1.462458779821113 1.0
3.93999999999996 1.4601522570342285 1.0
3.9499999999999598 1.457857238077736 1.0
3.9599999999999596 1.4555736655760423 1.0
3.9699999999999593 1.453301482439716 1.0
3.979999999999959 1.4510406318640598 1.0
3.989999999999959 1.448791057327692 1.0
3.9999999999999587 1.446552702591132 1.0
4.009999999999959 1.4493130325027126 2.0
4.019999999999959 1.452059595211424 2.0
4.0299999999999585 1.4547924593814772 2.0
4.039999999999958 1.4575116933346184 2.0
4.049999999999958 1.4602173650518386 2.0
4.059999999999958 1.4629095421750713 2.0
4.069999999999958 1.465588292008885 2.0
4.079999999999957 1.4682536815221647 2.0
4.089999999999957 1.4709057773497876 2.0
4.099999999999957 1.473544645794287 2.0
4.109999999999957 1.4761703528275119 2.0
4.119999999999957 1.4787829640922745 2.0
4.129999999999956 1.4813825449039926 2.0
4.139999999999956 1.4839691602523222 2.0
4.149999999999956 1.4865428748027814 2.0
4.159999999999956 1.4891037528983682 2.0
4.1699999999999555 1.491651858561168 2.0
4.179999999999955 1.4941872554939555 2.0
4.189999999999955 1.4967100070817858 2.0
4.199999999999955 1.4992201763935802 2.0
4.209999999999955 1.501717826183702 2.0
4.2199999999999545 1.5042030188935263 2.0
4.229999999999954 1.506675816653 2.0
4.239999999999954 1.5091362812821962 2.0
4.249999999999954 1.5115844742928586 2.0
4.259999999999954 1.51402045688994 2.0
4.269999999999953 1.516444289973132 2.0
4.279999999999953 1.5188560341383883 2.0
4.289999999999953 1.5212557496794386 2.0
4.299999999999953 1.523643496589296 2.0
4.3099999999999525 1.526019334561758 2.0
4.319999999999952 1.5283833229928976 2.0
4.329999999999952 1.5307355209825486 2.0
4.339999999999952 1.5330759873357833 2.0
4.349999999999952 1.5354047805643822 2.0
4.3599999999999515 1.5377219588882978 2.0
4.369999999999951 1.5400275802371084 2.0
4.379999999999951 1.5423217022514681 2.0
4.389999999999951 1.5446043822845468 2.0
4.399999999999951 1.546875677403464 2.0
4.40999999999995 1.549135644390716 2.0
4.41999999999995 1.5513843397455953 2.0
4.42999999999995 1.5536218196856026 2.0
4.43999999999995 1.5558481401478534 2.0
4.4499999999999496 1.558063356790475 2.0
4.459999999999949 1.5602675249939986 2.0
4.469999999999949 1.5624606998627444 2.0
4.479999999999949 1.5646429362261982 2.0
4.489999999999949 1.5668142886403829 2.0
4.4999999999999485 1.5689748113892217 2.0
4.509999999999948 1.5661370376785784 1.0
4.519999999999948 1.5633134174233634 1.0
4.529999999999948 1.5605038800329232 1.0
4.539999999999948 1.5577083552686766 1.0
4.549999999999947 1.554926773242359 1.0
4.559999999999947 1.552159064414275 1.0
4.569999999999947 1.5494051595915597 1.0
4.579999999999947 1.546664989926449 1.0
4.589999999999947 1.5439384869145587 1.0
4.599999999999946 1.5412255823931713 1.0
4.609999999999946 1.5385262085395328 1.0
4.619999999999946 1.5358402978691559 1.0
4.629999999999946 1.5331677832341342 1.0
4.6399999999999455 1.5305085978214623 1.0
4.649999999999945 1.5278626751513669 1.0
4.659999999999945 1.525229949075643 1.0
4.669999999999945 1.5226103537760016 1.0
4.679999999999945 1.520003823762424 1.0
4.689999999999944 1.5174102938715242 1.0
4.699999999999944 1.5148296992649195 1.0
4.709999999999944 1.5122619754276108 1.0
4.719999999999944 1.5097070581663679 1.0
4.729999999999944 1.5071648836081264 1.0
4.739999999999943 1.50463538819839 1.0
4.749999999999943 1.5021185086996418 1.0
4.759999999999943 1.499614182189763 1.0
4.769999999999943 1.4971223460604606 1.0
4.7799999999999425 1.4946429380157014 1.0
4.789999999999942 1.4921758960701554 1.0
4.799999999999942 1.4897211585476453 1.0
4.809999999999942 1.4872786640796052 1.0
4.819999999999942 1.4848483516035462 1.0
4.8299999999999415 1.4824301603615297 1.0
4.839999999999941 1.4800240298986491 1.0
4.849999999999941 1.4776299000615172 1.0
4.859999999999941 1.4752477109967632 1.0
4.869999999999941 1.4728774031495369 1.0
4.87999999999994 1.470518917262018 1.0
4.88999999999994 1.4681721943719372 1.0
4.89999999999994 1.4658371758110995 1.0
4.90999999999994 1.4635138032039197 1.0
4.9199999999999395 1.461202018465961 1.0
4.929999999999939 1.4589017638024853 1.0
4.939999999999939 1.4566129817070057 1.0
4.949999999999939 1.4543356149598505 1.0
4.959999999999939 1.4520696066267327 1.0
4.9699999999999385 1.449814900057326 1.0
4.979999999999938 1.4475714388838485 1.0
4.989999999999938 1.4453391670196543 1.0
4.999999999999938 1.4431180286578302 1.0
5.009999999999938 1.4458954890771194 2.0
5.019999999999937 1.448659096854776 2.0
5.029999999999937 1.451408921081138 2.0
5.039999999999937 1.4541450305019548 2.0
5.049999999999937 1.456867493520104 2.0
5.0599999999999365 1.459576378197303 2.0
5.069999999999936 1.46227175225581 2.0
5.079999999999936 1.4649536830801166 2.0
5.089999999999936 1.4676222377186332 2.0
5.099999999999936 1.4702774828853649 2.0
5.1099999999999355 1.4729194849615788 2.0
5.119999999999935 1.4755483099974644 2.0
5.129999999999935 1.478164023713785 2.0
5.139999999999935 1.4807666915035194 2.0
5.149999999999935 1.483356378433498 2.0
5.159999999999934 1.485933149246029 2.0
5.169999999999934 1.4884970683605168 2.0
5.179999999999934 1.4910481998750726 2.0
5.189999999999934 1.4935866075681177 2.0
5.199999999999934 1.4961123548999762 2.0
5.209999999999933 1.4986255050144628 2.0
5.219999999999933 1.5011261207404616 2.0
5.229999999999933 1.5036142645934958 2.0
5.239999999999933 1.5060899987772913 2.0
5.2499999999999325 1.5085533851853319 2.0
5.259999999999932 1.5110044854024058 2.0
5.269999999999932 1.5134433607061464 2.0
5.279999999999932 1.5158700720685632 2.0
5.289999999999932 1.5182846801575665 2.0
5.299999999999931 1.5206872453384843 2.0
5.309999999999931 1.5230778276755714 2.0
5.319999999999931 1.5254564869335105 2.0
5.329999999999931 1.5278232825789073 2.0
5.339999999999931 1.530178273781776 2.0
5.34999999999993 1.5325215194170192 2.0
5.35999999999993 1.5348530780659 2.0
5.36999999999993 1.5371730080175061 2.0
5.37999999999993 1.539481367270207 2.0
5.3899999999999295 1.5417782135331044 2.0
5.399999999999929 1.5440636042274742 2.0
5.409999999999929 1.5463375964882031 2.0
5.419999999999929 1.5486002471652158 2.0
5.429999999999929 1.5508516128248973 2.0
5.4399999999999284 1.5530917497515062 2.0
5.449999999999928 1.5553207139485825 2.0
5.459999999999928 1.5575385611403472 2.0
5.469999999999928 1.5597453467730955 2.0
5.479999999999928 1.5619411260165832 2.0
5.489999999999927 1.5641259537654055 2.0
5.499999999999927 1.5662998846403704 2.0
5.509999999999927 1.563475452182545 1.0
5.519999999999927 1.5606651066403718 1.0
5.5299999999999265 1.5578687777550662 1.0
5.539999999999926 1.55508639561826 1.0
5.549999999999926 1.5523178906702548 1.0
5.559999999999926 1.5495631936982832 1.0
5.569999999999926 1.5468222358347772 1.0
5.5799999999999255 1.5440949485556472 1.0
5.589999999999925 1.5413812636785695 1.0
5.599999999999925 1.5386811133612808 1.0
5.609999999999925 1.5359944300998825 1.0
5.619999999999925 1.533321146727153 1.0
5.629999999999924 1.5306611964108687 1.0
5.639999999999924 1.5280145126521334 1.0
5.649999999999924 1.5253810292837153 1.0
5.659999999999924 1.5227606804683929 1.0
5.6699999999999235 1.5201534006973092 1.0
5.679999999999923 1.5175591247883342 1.0
5.689999999999923 1.5149777878844353 1.0
5.699999999999923 1.5124093254520552 1.0
5.709999999999923 1.5098536732794994 1.0
5.7199999999999225 1.5073107674753305 1.0
5.729999999999922 1.504780544466771 1.0
5.739999999999922 1.5022629409981139 1.0
5.749999999999922 1.4997578941291412 1.0
5.759999999999922 1.4972653412335508 1.0
5.769999999999921 1.4947852199973906 1.0
5.779999999999921 1.4923174684175002 1.0
5.789999999999921 1.489862024799962 1.0
5.799999999999921 1.4874188277585576 1.0
5.809999999999921 1.4849878162132333 1.0
5.81999999999992 1.4825689293885742 1.0
5.82999999999992 1.4801621068122837 1.0
5.83999999999992 1.4777672883136719 1.0
5.84999999999992 1.4753844140221517 1.0
5.8599999999999195 1.4730134243657416 1.0
5.869999999999919 1.470654260069577 1.0
5.879999999999919 1.468306862154427 1.0
5.889999999999919 1.4659711719352222 1.0
5.899999999999919 1.463647131019585 1.0
5.909999999999918 1.4613346813063717 1.0
5.919999999999918 1.4590337649842189 1.0
5.929999999999918 1.4567443245300988 1.0
5.939999999999918 1.4544663027078806 1.0
5.949999999999918 1.4521996425669004 1.0
5.959999999999917 1.4499442874405364 1.0
5.969999999999917 1.447700180944793 1.0
5.979999999999917 1.4454672669768909 1.0
5.989999999999917 1.4432454897138647 1.0
5.9999999999999165 1.4410347936111672 1.0
6.009999999999916 1.443822644208598 2.0
6.019999999999916 1.4465965903431663 2.0
6.029999999999916 1.4493567013636703 2.0
6.039999999999916 1.452103046273029 2.0
6.0499999999999154 1.4548356937300082 2.0
6.059999999999915 1.4575547120509367 2.0
6.069999999999915 1.460260169211414 2.0
6.079999999999915 1.4629521328480104 2.0
6.089999999999915 1.4656306702599564 2.0
6.099999999999914 1.4682958484108273 2.0
6.109999999999914 1.4709477339302155 2.0
6.119999999999914 1.4735863931153972 2.0
6.129999999999914 1.4762118919329894 2.0
6.1399999999999135 1.478824296020599 2.0
6.149999999999913 1.4814236706884647 2.0
6.159999999999913 1.4840100809210885 2.0
6.169999999999913 1.4865835913788608 2.0
6.179999999999913 1.489144266399677 2.0
6.1899999999999125 1.491692170000546 2.0
6.199999999999912 1.494227365879191 2.0
6.209999999999912 1.4967499174156402 2.0
6.219999999999912 1.499259887673814 2.0
6.229999999999912 1.5017573394030994 2.0
6.239999999999911 1.5042423350399199 2.0
6.249999999999911 1.5067149367092956 2.0
6.259999999999911 1.509175206226397 2.0
6.269999999999911 1.5116232050980902 2.0
6.2799999999999105 1.5140589945244747 2.0
6.28999999999991 1.5164826354004126 2.0
6.29999999999991 1.5188941883170526 2.0
6.30999999999991 1.5212937135633426 2.0
6.31999999999991 1.5236812711275394 2.0
6.3299999999999095 1.5260569206987058 2.0
6.339999999999909 1.5284207216682053 2.0
6.349999999999909 1.530772733131185 2.0
6.359999999999909 1.533113013888054 2.0
6.369999999999909 1.535441622445953 2.0
6.379999999999908 1.5377586170202175 2.0
6.389999999999908 1.5400640555358325 2.0
6.399999999999908 1.5423579956288809 2.0
6.409999999999908 1.5446404946479844 2.0
6.419999999999908 1.5469116096557374 2.0
6.429999999999907 1.5491713974301335 2.0
6.439999999999907 1.5514199144659848 2.0
6.449999999999907 1.553657216976334 2.0
6.459999999999907 1.5558833608938607 2.0
6.4699999999999065 1.5580984018722785 2.0
6.479999999999906 1.5603023952877275 2.0
6.489999999999906 1.5624953962401578 2.0
6.499999999999906 1.5646774595547073 2.0
6.509999999999906 1.561861118975755 1.0
6.519999999999905 1.5590588249540405 1.0
6.529999999999905 1.5562705074320675 1.0
6.539999999999905 1.5534960967017528 1.0
6.549999999999905 1.5507355234026838 1.0
6.559999999999905 1.547988718520384 1.0
6.569999999999904 1.5452556133845883 1.0
6.579999999999904 1.542536139667526 1.0
6.589999999999904 1.5398302293822121 1.0
6.599999999999904 1.5371378148807493 1.0
6.6099999999999035 1.5344588288526344 1.0
6.619999999999903 1.5317932043230773 1.0
6.629999999999903 1.529140874651326 1.0
6.639999999999903 1.526501773529 1.0
6.649999999999903 1.5238758349784345 1.0
6.659999999999902 1.5212629933510287 1.0
6.669999999999902 1.5186631833256057 1.0
6.679999999999902 1.5160763399067796 1.0
6.689999999999902 1.5135023984233302 1.0
6.699999999999902 1.5109412945265863 1.0
6.709999999999901 1.5083929641888172 1.0
6.719999999999901 1.5058573437016316 1.0
6.729999999999901 1.5033343696743853 1.0
6.739999999999901 1.5008239790325961 1.0
6.7499999999999005 1.4983261090163675 1.0
6.7599999999999 1.4958406971788187 1.0
6.7699999999999 1.4933676813845245 1.0
6.7799999999999 1.4909069998079612 1.0
6.7899999999999 1.488458590931961 1.0
6.7999999999998995 1.4860223935461747 1.0
6.809999999999899 1.483598346745541 1.0
6.819999999999899 1.4811863899287632 1.0
6.829999999999899 1.4787864627967955 1.0
6.839999999999899 1.4763985053513344 1.0
6.849999999999898 1.4740224578933196 1.0
6.859999999999898 1.4716582610214408 1.0
6.869999999999898 1.469305855630653 1.0
6.879999999999898 1.466965182910699 1.0
6.8899999999998975 1.4646361843446392 1.0
6.899999999999897 1.4623188017073876 1.0
6.909999999999897 1.4600129770642578 1.0
6.919999999999897 1.4577186527695136 1.0
6.929999999999897 1.4554357714649282 1.0
6.9399999999998965 1.45316427607835 1.0
6.949999999999896 1.4509041098222761 1.0
6.959999999999896 1.4486552161924324 1.0
6.969999999999896 1.4464175389663612 1.0
6.979999999999896 1.444191022202015 1.0
6.989999999999895 1.4419756102363586 1.0
6.999999999999895 1.4397712476839777 1.0
7.009999999999895 1.4425654002430115 2.0
7.019999999999895 1.4453456169080183 2.0
7.0299999999998946 1.4481119671845595 2.0
7.039999999999894 1.4508645202315362 2.0
7.049999999999894 1.453603344862918 2.0
7.059999999999894 1.456328509549463 2.0
7.069999999999894 1.4590400824204304 2.0
7.0799999999998935 1.4617381312652833 2.0
7.089999999999893 1.4644227235353835 2.0
7.099999999999893 1.4670939263456773 2.0
7.109999999999893 1.4697518064763742 2.0
7.119999999999893 1.4723964303746158 2.0
7.129999999999892 1.4750278641561374 2.0
7.139999999999892 1.4776461736069206 2.0
7.149999999999892 1.4802514241848381 2.0
7.159999999999892 1.48284368102129 2.0
7.169999999999892 1.4854230089228322 2.0
7.179999999999891 1.4879894723727964 2.0
7.189999999999891 1.4905431355329029 2.0
7.199999999999891 1.4930840622448633 2.0
7.209999999999891 1.495612316031978 2.0
7.2199999999998905 1.4981279601007234 2.0
7.22999999999989 1.500631057342332 2.0
7.23999999999989 1.5031216703343655 2.0
7.24999999999989 1.505599861342278 2.0
7.25999999999989 1.508065692320974 2.0
7.269999999999889 1.5105192249163566 2.0
7.279999999999889 1.5129605204668684 2.0
7.289999999999889 1.515389640005025 2.0
7.299999999999889 1.5178066442589417 2.0
7.309999999999889 1.5202115936538507 2.0
7.319999999999888 1.522604548313612 2.0
7.329999999999888 1.5249855680622166 2.0
7.339999999999888 1.5273547124252826 2.0
7.349999999999888 1.529712040631542 2.0
7.3599999999998875 1.5320576116143232 2.0
7.369999999999887 1.5343914840130226 2.0
7.379999999999887 1.5367137161745719 2.0
7.389999999999887 1.5390243661548961 2.0
7.399999999999887 1.541323491720365 2.0
7.4099999999998865 1.5436111503492376 2.0
7.419999999999886 1.5458873992330986 2.0
7.429999999999886 1.5481522952782887 2.0
7.439999999999886 1.550405895107327 2.0
7.449999999999886 1.5526482550603267 2.0
7.459999999999885 1.5548794311964032 2.0
7.469999999999885 1.557099479295076 2.0
7.479999999999885 1.5593084548576637 2.0
7.489999999999885 1.56150641310867 2.0
7.4999999999998845 1.563693408997166 2.0
7.509999999999884 1.5608819763908448 1.0
7.519999999999884 1.5580845658631461 1.0
7.529999999999884 1.5553011074786607 1.0
7.539999999999884 1.5525315316507844 1.0
7.5499999999998835 1.549775769139977 1.0
7.559999999999883 1.5470337510520322 1.0
7.569999999999883 1.544305408836355 1.0
7.579999999999883 1.5415906742842482 1.0
7.589999999999883 1.5388894795272063 1.0
7.599999999999882 1.5362017570352198 1.0
7.609999999999882 1.5335274396150864 1.0
7.619999999999882 1.5308664604087312 1.0
7.629999999999882 1.5282187528915356 1.0
7.6399999999998816 1.5255842508706738 1.0
7.649999999999881 1.5229628884834578 1.0
7.659999999999881 1.5203546001956916 1.0
7.669999999999881 1.5177593208000322 1.0
7.679999999999881 1.5151769854143593 1.0
7.6899999999998805 1.512607529480154 1.0
7.69999999999988 1.5100508887608841 1.0
7.70999999999988 1.5075069993403982 1.0
7.71999999999988 1.5049757976213285 1.0
7.72999999999988 1.5024572203235003 1.0
7.739999999999879 1.4999512044823498 1.0
7.749999999999879 1.4974576874473504 1.0
7.759999999999879 1.4949766068804466 1.0
7.769999999999879 1.4925079007544948 1.0
7.779999999999879 1.4900515073517133 1.0
7.789999999999878 1.4876073652621393 1.0
7.799999999999878 1.4851754133820931 1.0
7.809999999999878 1.4827555909126509 1.0
7.819999999999878 1.4803478373581251 1.0
7.8299999999998775 1.4779520925245515 1.0
7.839999999999877 1.4755682965181842 1.0
7.849999999999877 1.473196389743999 1.0
7.859999999999877 1.4708363129042032 1.0
7.869999999999877 1.4684880069967527 1.0
7.879999999999876 1.4661514133138778 1.0
7.889999999999876 1.4638264734406143 1.0
7.899999999999876 1.4615131292533445 1.0
7.909999999999876 1.4592113229183432 1.0
7.919999999999876 1.456920996890332 1.0
7.929999999999875 1.4546420939110412 1.0
7.939999999999875 1.4523745570077773 1.0
7.949999999999875 1.450118329492 1.0
7.959999999999875 1.4478733549579035 1.0
7.9699999999998745 1.4456395772810078 1.0
7.979999999999874 1.4434169406167545 1.0
7.989999999999874 1.4412053893991112 1.0
7.999999999999874 1.4390048683391825 1.0
8.009999999999874 1.4418028432311447 2.0
8.019999999999873 1.444586863165115 2.0
8.029999999999873 1.4473569977417367 2.0
8.039999999999873 1.4501133162145181 2.0
8.049999999999873 1.4528558874915651 2.0
8.059999999999873 1.4555847801373023 2.0
8.069999999999872 1.458300062374188 2.0
8.079999999999872 1.4610018020844193 2.0
8.089999999999872 1.4636900668116302 2.0
8.099999999999872 1.4663649237625784 2.0
8.109999999999872 1.469026439808827 2.0
8.119999999999871 1.471674681488416 2.0
8.129999999999871 1.4743097150075255 2.0
8.139999999999871 1.4769316062421303 2.0
8.14999999999987 1.4795404207396479 2.0
8.15999999999987 1.4821362237205766 2.0
8.16999999999987 1.4847190800801262 2.0
8.17999999999987 1.4872890543898403 2.0
8.18999999999987 1.4898462108992105 2.0
8.19999999999987 1.4923906135372826 2.0
8.20999999999987 1.4949223259142552 2.0
8.21999999999987 1.4974414113230696 2.0
8.229999999999869 1.4999479327409921 2.0
8.239999999999869 1.5024419528311888 2.0
8.249999999999869 1.5049235339442917 2.0
8.259999999999868 1.5073927381199579 2.0
8.269999999999868 1.5098496270884203 2.0
8.279999999999868 1.5122942622720315 2.0
8.289999999999868 1.5147267047867978 2.0
8.299999999999867 1.5171470154439093 2.0
8.309999999999867 1.5195552547512583 2.0
8.319999999999867 1.521951482914953 2.0
8.329999999999867 1.524335759840822 2.0
8.339999999999867 1.5267081451359128 2.0
8.349999999999866 1.5290686981099815 2.0
8.359999999999866 1.5314174777769751 2.0
8.369999999999866 1.5337545428565078 2.0
8.379999999999866 1.5360799517753283 2.0
8.389999999999866 1.5383937626687807 2.0
8.399999999999865 1.540696033382258 2.0
8.409999999999865 1.5429868214726474 2.0
8.419999999999865 1.545266184209771 2.0
8.429999999999865 1.5475341785778158 2.0
8.439999999999864 1.549790861276759 2.0
8.449999999999864 1.5520362887237857 2.0
8.459999999999864 1.554270517054699 2.0
8.469999999999864 1.5564936021253237 2.0
8.479999999999864 1.5587055995129022 2.0
8.489999999999863 1.5609065645174844 2.0
8.499999999999863 1.56309655216331 2.0
8.509999999999863 1.5602880963928667 1.0
8.519999999999863 1.557493647854015 1.0
8.529999999999863 1.5547131366853955 1.0
8.539999999999862 1.5519464933740847 1.0
8.549999999999862 1.5491936487538553 1.0
8.559999999999862 1.5464545340034488 1.0
8.569999999999862 1.5437290806448534 1.0
8.579999999999862 1.5410172205415935 1.0
8.589999999999861 1.5383188858970251 1.0
8.599999999999861 1.5356340092526417 1.0
8.60999999999986 1.532962523486387 1.0
8.61999999999986 1.5303043618109782 1.0
8.62999999999986 1.5276594577722347 1.0
8.63999999999986 1.5250277452474177 1.0
8.64999999999986 1.522409158443577 1.0
8.65999999999986 1.5198036318959063 1.0
8.66999999999986 1.5172111004661062 1.0
8.67999999999986 1.514631499340756 1.0
8.68999999999986 1.512064764029693 1.0
8.699999999999859 1.5095108303644005 1.0
8.709999999999859 1.5069696344964043 1.0
8.719999999999859 1.5044411128956754 1.0
8.729999999999858 1.5019252023490417 1.0
8.739999999999858 1.4994218399586088 1.0
8.749999999999858 1.4969309631401864 1.0
8.759999999999858 1.4944525096217243 1.0
8.769999999999857 1.4919864174417554 1.0
8.779999999999857 1.4895326249478469 1.0
8.789999999999857 1.4870910707950586 1.0
8.799999999999857 1.4846616939444097 1.0
8.809999999999857 1.4822444336613523 1.0
8.819999999999856 1.479839229514253 1.0
8.829999999999856 1.4774460213728835 1.0
8.839999999999856 1.4750647494069151 1.0
8.849999999999856 1.472695354084425 1.0
8.859999999999856 1.4703377761704064 1.0
8.869999999999855 1.467991956725289 1.0
8.879999999999855 1.4656578371034643 1.0
8.889999999999855 1.46333535895182 1.0
8.899999999999855 1.461024464208282 1.0
8.909999999999854 1.4587250951003607 1.0
8.919999999999854 1.4564371941437089 1.0
8.929999999999854 1.4541607041406834 1.0
8.939999999999854 1.4518955681789159 1.0
8.949999999999854 1.449641729629889 1.0
8.959999999999853 1.4473991321475215 1.0
8.969999999999853 1.4451677196667598 1.0
8.979999999999853 1.4429474364021757 1.0
8.989999999999853 1.4407382268465718 1.0
8.999999999999853 1.4385400357695943 1.0
9.009999999999852 1.4413403290236693 2.0
9.019999999999852 1.444126655756873 2.0
9.029999999999852 1.446899085627519 2.0
9.039999999999852 1.4496576879464982 2.0
9.049999999999851 1.4524025316790123 2.0
9.059999999999851 1.4551336854462977 2.0
9.069999999999851 1.4578512175273408 2.0
9.07999999999985 1.4605551958605851 2.0
9.08999999999985 1.46324568804563 2.0
9.09999999999985 1.46592276134492 2.0
9.10999999999985 1.468586482685427 2.0
9.11999999999985 1.4712369186603231 2.0
9.12999999999985 1.4738741355306462 2.0
9.13999999999985 1.476498199226955 2.0
9.14999999999985 1.4791091753509789 2.0
9.15999999999985 1.4817071291772566 2.0
9.169999999999849 1.4842921256547694 2.0
9.179999999999849 1.4868642294085639 2.0
9.189999999999849 1.4894235047413678 2.0
9.199999999999848 1.4919700156351974 2.0
9.209999999999848 1.4945038257529581 2.0
9.219999999999848 1.4970249984400348 2.0
9.229999999999848 1.4995335967258758 2.0
9.239999999999847 1.5020296833255689 2.0
9.249999999999847 1.5045133206414092 2.0
9.259999999999847 1.506984570764459 2.0
9.269999999999847 1.5094434954760998 2.0
9.279999999999847 1.511890156249578 2.0
9.289999999999846 1.5143246142515396 2.0
9.299999999999846 1.5167469303435621 2.0
9.309999999999846 1.5191571650836737 2.0
9.319999999999846 1.5215553787278684 2.0
9.329999999999846 1.5239416312316123 2.0
9.339999999999845 1.5263159822513424 2.0
9.349999999999845 1.5286784911459577 2.0
9.359999999999845 1.5310292169783035 2.0
9.369999999999845 1.5333682185166482 2.0
9.379999999999844 1.5356955542361521 2.0
9.389999999999844 1.5380112823203294 2.0
9.399999999999844 1.5403154606625027 2.0
9.409999999999844 1.5426081468672508 2.0
9.419999999999844 1.544889398251848 2.0
9.429999999999843 1.5471592718476976 2.0
9.439999999999843 1.549417824401758 2.0
9.449999999999843 1.5516651123779608 2.0
9.459999999999843 1.553901191958622 2.0
9.469999999999843 1.5561261190458482 2.0
9.479999999999842 1.558339949262932 2.0
9.489999999999842 1.560542737955744 2.0
9.499999999999842 1.5627345401941164 2.0
9.509999999999842 1.559927889965902 1.0
9.519999999999841 1.5571352379640995 1.0
9.529999999999841 1.5543565143722637 1.0
9.539999999999841 1.55159164972216 1.0
9.54999999999984 1.548840574892028 1.0
9.55999999999984 1.5461032211048538 1.0
9.56999999999984 1.54337951992665 1.0
9.57999999999984 1.5406694032647454 1.0
9.58999999999984 1.5379728033660824 1.0
9.59999999999984 1.535289652815523 1.0
9.60999999999984 1.5326198845341639 1.0
9.61999999999984 1.5299634317776585 1.0
9.62999999999984 1.52732022813455 1.0
9.639999999999839 1.5246902075246094 1.0
9.649999999999839 1.5220733041971846 1.0
9.659999999999838 1.519469452729556 1.0
9.669999999999838 1.5168785880253015 1.0
9.679999999999838 1.5143006453126682 1.0
9.689999999999838 1.5117355601429543 1.0
9.699999999999838 1.509183268388897 1.0
9.709999999999837 1.5066437062430693 1.0
9.719999999999837 1.5041168102162854 1.0
9.729999999999837 1.5016025171360132 1.0
9.739999999999837 1.4991007641447944 1.0
9.749999999999837 1.496611488698674 1.0
9.759999999999836 1.4941346285656365 1.0
9.769999999999836 1.4916701218240491 1.0
9.779999999999836 1.4892179068611153 1.0
9.789999999999836 1.486777922371333 1.0
9.799999999999836 1.4843501073549632 1.0
9.809999999999835 1.4819344011165039 1.0
9.819999999999835 1.4795307432631732 1.0
9.829999999999835 1.4771390737033996 1.0
9.839999999999835 1.4747593326453197 1.0
9.849999999999834 1.4723914605952828 1.0
9.859999999999834 1.4700353983563645 1.0
9.869999999999834 1.4676910870268864 1.0
9.879999999999834 1.4653584679989429 1.0
9.889999999999834 1.4630374829569366 1.0
9.899999999999833 1.4607280738761208 1.0
9.909999999999833 1.4584301830211484 1.0
9.919999999999833 1.456143752944628 1.0
9.929999999999833 1.4538687264856887 1.0
9.939999999999833 1.4516050467685506 1.0
9.949999999999832 1.4493526572011028 1.0
9.959999999999832 1.447111501473489 1.0
9.969999999999832 1.444881523556699 1.0
9.979999999999832 1.4426626677011687 1.0
9.989999999999831 1.4404548784353863 1.0
9.999999999999831 1.4382581005645052 1.0
10.009999999999831 1.4410597999762818 2.0
10.01999999999983 1.4438475258539465 2.0
10.02999999999983 1.4466213478907912 2.0
10.03999999999983 1.4493813354325114 2.0
10.04999999999983 1.4521275574789392 2.0
10.05999999999983 1.454860082685769 2.0
10.06999999999983 1.4575789793662732 2.0
10.07999999999983 1.4602843154930105 2.0
10.08999999999983 1.462976158699525 2.0
10.09999999999983 1.4656545762820365 2.0
10.109999999999829 1.4683196352011247 2.0
10.119999999999829 1.4709714020834013 2.0
10.129999999999828 1.4736099432231764 2.0
10.139999999999828 1.476235324584116 2.0
10.149999999999828 1.4788476118008909 2.0
10.159999999999828 1.4814468701808172 2.0
10.169999999999828 1.48403316470549 2.0
10.179999999999827 1.4866065600324072 2.0
10.189999999999827 1.489167120496586 2.0
10.199999999999827 1.4917149101121714 2.0
10.209999999999827 1.4942499925740362 2.0
10.219999999999827 1.4967724312593744 2.0
10.229999999999826 1.499282289229284 2.0
10.239999999999826 1.5017796292303456 2.0
10.249999999999826 1.5042645136961887 2.0
10.259999999999826 1.5067370047490547 2.0
10.269999999999825 1.5091971642013486 2.0
10.279999999999825 1.511645053557185 2.0
10.289999999999825 1.514080734013925 2.0
10.299999999999825 1.5165042664637072 2.0
10.309999999999825 1.5189157114949687 2.0
10.319999999999824 1.5213151293939613 2.0
10.329999999999824 1.5237025801462571 2.0
10.339999999999824 1.5260781234382494 2.0
10.349999999999824 1.5284418186586441 2.0
10.359999999999824 1.530793724899945 2.0
10.369999999999823 1.5331339009599305 2.0
10.379999999999823 1.535462405343124 2.0
10.389999999999823 1.5377792962622565 2.0
10.399999999999823 1.5400846316397216 2.0
10.409999999999823 1.5423784691090237 2.0
10.419999999999822 1.544660866016219 2.0
10.429999999999822 1.5469318794213494 2.0
10.439999999999822 1.5491915660998676 2.0
10.449999999999822 1.5514399825440588 2.0
10.459999999999821 1.553677184964451 2.0
10.469999999999821 1.5559032292912214 2.0
10.479999999999821 1.558118171175594 2.0
10.48999999999982 1.5603220659912314 2.0
10.49999999999982 1.5625149688356186 2.0
10.50999999999982 1.5597094137241232 1.0
10.51999999999982 1.5569178513771225 1.0
10.52999999999982 1.5541402120054124 1.0
10.53999999999982 1.551376426167864 1.0
10.54999999999982 1.5486264247696873 1.0
10.55999999999982 1.5458901390607043 1.0
10.569999999999819 1.5431675006336296 1.0
10.579999999999819 1.5404584414223605 1.0
10.589999999999819 1.537762893700276 1.0
10.599999999999818 1.5350807900785426 1.0
10.609999999999818 1.5324120635044298 1.0
10.619999999999818 1.5297566472596347 1.0
10.629999999999818 1.5271144749586125 1.0
10.639999999999818 1.5244854805469181 1.0
10.649999999999817 1.5218695982995545 1.0
10.659999999999817 1.519266762819329 1.0
10.669999999999817 1.516676909035219 1.0
10.679999999999817 1.5140999722007453 1.0
10.689999999999817 1.5115358878923528 1.0
10.699999999999816 1.5089845920078 1.0
10.709999999999816 1.5064460207645571 1.0
10.719999999999816 1.5039201106982105 1.0
10.729999999999816 1.5014067986608772 1.0
10.739999999999815 1.4989060218196255 1.0
10.749999999999815 1.496417717654904 1.0
10.759999999999815 1.493941823958979 1.0
10.769999999999815 1.4914782788343792 1.0
10.779999999999815 1.4890270206923482 1.0
10.789999999999814 1.4865879882513044 1.0
10.799999999999814 1.4841611205353102 1.0
10.809999999999814 1.4817463568725462 1.0
10.819999999999814 1.4793436368937949 1.0
10.829999999999814 1.4769529005309319 1.0
10.839999999999813 1.4745740880154234 1.0
10.849999999999813 1.4722071398768328 1.0
10.859999999999813 1.4698519969413333 1.0
10.869999999999813 1.4675086003302287 1.0
10.879999999999812 1.4651768914584817 1.0
10.889999999999812 1.4628568120332492 1.0
10.899999999999812 1.4605483040524248 1.0
10.909999999999812 1.4582513098031884 1.0
10.919999999999812 1.4559657718605643 1.0
10.929999999999811 1.453691633085985 1.0
10.939999999999811 1.4514288366258628 1.0
10.949999999999811 1.4491773259101681 1.0
10.95999999999981 1.446937044651016 1.0
10.96999999999981 1.4447079368412579 1.0
10.97999999999981 1.4424899467530827 1.0
10.98999999999981 1.440283018936623 1.0
10.99999999999981 1.4380870982185678 1.0
11.00999999999981 1.440889650508103 2.0
11.01999999999981 1.4436782250097804 2.0
11.02999999999981 1.446452891438108 2.0
11.039999999999809 1.449213719159891 2.0
11.049999999999809 1.4519607771959662 2.0
11.059999999999809 1.4546941342229274 2.0
11.069999999999808 1.457413858574843 2.0
11.079999999999808 1.4601200182449632 2.0
11.089999999999808 1.4628126808874207 2.0
11.099999999999808 1.465491913818922 2.0
11.109999999999808 1.4681577840204296 2.0
11.119999999999807 1.4708103581388376 2.0
11.129999999999807 1.473449702488637 2.0
11.139999999999807 1.4760758830535743 2.0
11.149999999999807 1.4786889654883 2.0
11.159999999999807 1.4812890151200113 2.0
11.169999999999806 1.4838760969500844 2.0
11.179999999999806 1.4864502756556999 2.0
11.189999999999806 1.4890116155914592 2.0
11.199999999999806 1.4915601807909944 2.0
11.209999999999805 1.4940960349685681 2.0
11.219999999999805 1.496619241520667 2.0
11.229999999999805 1.4991298635275858 2.0
11.239999999999805 1.501627963755006 2.0
11.249999999999805 1.5041136046555632 2.0
11.259999999999804 1.5065868483704095 2.0
11.269999999999804 1.5090477567307663 2.0
11.279999999999804 1.5114963912594708 2.0
11.289999999999804 1.5139328131725138 2.0
11.299999999999804 1.5163570833805702 2.0
11.309999999999803 1.5187692624905214 2.0
11.319999999999803 1.5211694108069707 2.0
11.329999999999803 1.523557588333751 2.0
11.339999999999803 1.525933854775425 2.0
11.349999999999802 1.5282982695387775 2.0
11.359999999999802 1.5306508917343007 2.0
11.369999999999802 1.5329917801776718 2.0
11.379999999999802 1.535320993391224 2.0
11.389999999999802 1.537638589605409 2.0
11.399999999999801 1.5399446267602528 2.0
11.409999999999801 1.5422391625068044 2.0
11.419999999999801 1.5445222542085768 2.0
11.4299999999998 1.5467939589429816 2.0
11.4399999999998 1.5490543335027556 2.0
11.4499999999998 1.5513034343973804 2.0
11.4599999999998 1.5535413178544955 2.0
11.4699999999998 1.5557680398213038 2.0
11.4799999999998 1.5579836559659705 2.0
11.4899999999998 1.5601882216790148 2.0
11.4999999999998 1.562381792074694 2.0
11.509999999999799 1.559576901185065 1.0
11.519999999999799 1.55678599974711 1.0
11.529999999999799 1.554009017988148 1.0
11.539999999999798 1.5512458864834904 1.0
11.549999999999798 1.5484965361547056 1.0
11.559999999999798 1.5457608982678923 1.0
11.569999999999798 1.5430389044319608 1.0
11.579999999999798 1.5403304865969234 1.0
11.589999999999797 1.537635577052193 1.0
11.599999999999797 1.534954108424891 1.0
11.609999999999797 1.5322860136781618 1.0
11.619999999999797 1.5296312261094978 1.0
11.629999999999797 1.5269896793490716 1.0
11.639999999999796 1.5243613073580764 1.0
11.649999999999796 1.5217460444270756 1.0
11.659999999999796 1.5191438251743599 1.0
11.669999999999796 1.5165545845443122 1.0
11.679999999999795 1.513978257805782 1.0
11.689999999999795 1.5114147805504667 1.0
11.699999999999795 1.5088640886913014 1.0
11.709999999999795 1.5063261184608567 1.0
11.719999999999795 1.5038008064097448 1.0
11.729999999999794 1.5012880894050329 1.0
11.739999999999794 1.4987879046286647 1.0
11.749999999999794 1.496300189575891 1.0
11.759999999999794 1.4938248820537054 1.0
11.769999999999794 1.4913619201792914 1.0
11.779999999999793 1.4889112423784736 1.0
11.789999999999793 1.4864727873841794 1.0
11.799999999999793 1.484046494234907 1.0
11.809999999999793 1.4816323022732012 1.0
11.819999999999792 1.4792301511441373 1.0
11.829999999999792 1.476839980793812 1.0
11.839999999999792 1.4744617314678419 1.0
11.849999999999792 1.47209534370987 1.0
11.859999999999792 1.4697407583600792 1.0
11.869999999999791 1.4673979165537132 1.0
11.879999999999791 1.4650667597196048 1.0
11.889999999999791 1.4627472295787114 1.0
11.89999999999979 1.460439268142659 1.0
11.90999999999979 1.4581428177122913 1.0
11.91999999999979 1.455857820876228 1.0
11.92999999999979 1.4535842205094294 1.0
11.93999999999979 1.4513219597717677 1.0
11.94999999999979 1.4490709821066066 1.0
11.95999999999979 1.4468312312393872 1.0
11.96999999999979 1.4446026511762213 1.0
11.979999999999789 1.4423851862024915 1.0
11.989999999999789 1.4401787808814575 1.0
11.999999999999789 1.4379833800528714 1.0
12.009999999999788 1.440786449638916 2.0
12.019999999999788 1.443575538857076 2.0
12.029999999999788 1.4463507174347268 2.0
12.039999999999788 1.4491120547514775 2.0
12.049999999999788 1.451859619840905 2.0
12.059999999999787 1.4545934813922796 2.0
12.069999999999787 1.4573137077522822 2.0
12.079999999999787 1.4600203669267138 2.0
12.089999999999787 1.4627135265821947 2.0
12.099999999999786 1.4653932540478563 2.0
12.109999999999786 1.468059616317025 2.0
12.119999999999786 1.4707126800488963 2.0
12.129999999999786 1.473352511570202 2.0
12.139999999999786 1.475979176876867 2.0
12.149999999999785 1.4785927416356615 2.0
12.159999999999785 1.4811932711858402 2.0
12.169999999999785 1.4837808305407774 2.0
12.179999999999785 1.4863554843895916 2.0
12.189999999999785 1.4889172970987632 2.0
12.199999999999784 1.4914663327137432 2.0
12.209999999999784 1.494002654960555 2.0
12.219999999999784 1.4965263272473868 2.0
12.229999999999784 1.4990374126661772 2.0
12.239999999999783 1.5015359739941923 2.0
12.249999999999783 1.5040220736955956 2.0
12.259999999999783 1.5064957739230092 2.0
12.269999999999783 1.5089571365190673 2.0
12.279999999999783 1.5114062230179632 2.0
12.289999999999782 1.5138430946469872 2.0
12.299999999999782 1.5162678123280564 2.0
12.309999999999782 1.5186804366792395 2.0
12.319999999999782 1.5210810280162708 2.0
12.329999999999782 1.5234696463540587 2.0
12.339999999999781 1.5258463514081861 2.0
12.349999999999781 1.5282112025964034 2.0
12.359999999999781 1.5305642590401132 2.0
12.36999999999978 1.5329055795658493 2.0
12.37999999999978 1.5352352227067465 2.0
12.38999999999978 1.537553246704005 2.0
12.39999999999978 1.5398597095083453 2.0
12.40999999999978 1.5421546687814576 2.0
12.41999999999978 1.5444381818974433 2.0
12.42999999999978 1.5467103059442493 2.0
12.43999999999978 1.548971097725095 2.0
12.449999999999779 1.5512206137598927 2.0
12.459999999999779 1.5534589102866605 2.0
12.469999999999779 1.555686043262928 2.0
12.479999999999778 1.5579020683671359 2.0
12.489999999999778 1.5601070410000268 2.0
12.499999999999778 1.5623010162860318 2.0
12.509999999999778 1.5594965282673292 1.0
12.519999999999778 1.5567060276909739 1.0
12.529999999999777 1.553929444794306 1.0
12.539999999999777 1.5511667101626085 1.0
12.549999999999777 1.5484177547273719 1.0
12.559999999999777 1.5456825097645668 1.0
12.569999999999776 1.5429609068929266 1.0
12.579999999999776 1.5402528780722382 1.0
12.589999999999776 1.5375583556016397 1.0
12.599999999999776 1.534877272117929 1.0
12.609999999999776 1.5322095605938792 1.0
12.619999999999775 1.5295551543365637 1.0
12.629999999999775 1.5269139869856878 1.0
12.639999999999775 1.5242859925119299 1.0
12.649999999999775 1.5216711052152914 1.0
12.659999999999775 1.5190692597234536 1.0
12.669999999999774 1.5164803909901439 1.0
12.679999999999774 1.5139044342935088 1.0
12.689999999999774 1.5113413252344972 1.0
12.699999999999774 1.5087909997352487 1.0
12.709999999999773 1.5062533940374931 1.0
12.719999999999773 1.5037284447009558 1.0
12.729999999999773 1.501216088601772 1.0
12.739999999999773 1.4987162629309083 1.0
12.749999999999773 1.4962289051925928 1.0
12.759999999999772 1.4937539532027522 1.0
12.769999999999772 1.491291345087458 1.0
12.779999999999772 1.4888410192813792 1.0
12.789999999999772 1.486402914526243 1.0
12.799999999999772 1.4839769698693033 1.0
12.809999999999771 1.4815631246618175 1.0
12.819999999999771 1.4791613185575296 1.0
12.829999999999771 1.4767714915111623 1.0
12.83999999999977 1.4743935837769144 1.0
12.84999999999977 1.472027535906969 1.0
12.85999999999977 1.4696732887500061 1.0
12.86999999999977 1.4673307834497242 1.0
12.87999999999977 1.4649999614433686 1.0
12.88999999999977 1.462680764460268 1.0
12.89999999999977 1.4603731345203768 1.0
12.90999999999977 1.4580770139328263 1.0
12.919999999999769 1.4557923452944823 1.0
12.929999999999769 1.45351907148851 1.0
12.939999999999769 1.4512571356829458 1.0
12.949999999999768 1.4490064813292765 1.0
12.959999999999768 1.446767052161026 1.0
12.969999999999768 1.444538792192349 1.0
12.979999999999768 1.4423216457166297 1.0
12.989999999999768 1.440115557305091 1.0
12.999999999999767 1.4379204718054077 1.0
13.009999999999767 1.4407238551476456 2.0
13.019999999999767 1.4435132565571331 2.0
13.029999999999767 1.446288745769051 2.0
13.039999999999766 1.4490503921707738 2.0
13.049999999999766 1.4517982648036056 2.0
13.059999999999766 1.4545324323645055 2.0
13.069999999999766 1.4572529632078046 2.0
13.079999999999766 1.4599599253469155 2.0
13.089999999999765 1.4626533864560332 2.0
13.099999999999765 1.4653334138718255 2.0
13.109999999999765 1.4680000745951172 2.0
13.119999999999765 1.4706534352925655 2.0
13.129999999999765 1.473293562298326 2.0
13.139999999999764 1.4759205216157114 2.0
13.149999999999764 1.4785343789188412 2.0
13.159999999999764 1.4811351995542843 2.0
13.169999999999764 1.483723048542692 2.0
13.179999999999763 1.4862979905804239 2.0
13.189999999999763 1.488860090041165 2.0
13.199999999999763 1.491409410977535 2.0
13.209999999999763 1.4939460171226906 2.0
13.219999999999763 1.496469971891917 2.0
13.229999999999762 1.4989813383842154 2.0
13.239999999999762 1.5014801793838786 2.0
13.249999999999762 1.5039665573620618 2.0
13.259999999999762 1.5064405344783438 2.0
13.269999999999762 1.5089021725822818 2.0
13.279999999999761 1.511351533214956 2.0
13.289999999999761 1.5137886776105103 2.0
13.299999999999761 1.5162136666976813 2.0
13.30999999999976 1.5186265611013225 2.0
13.31999999999976 1.5210274211439199 2.0
13.32999999999976 1.5234163068470992 2.0
13.33999999999976 1.5257932779331276 2.0
13.34999999999976 1.528158393826406 2.0
13.35999999999976 1.530511713654955 2.0
13.36999999999976 1.532853296251893 2.0
13.37999999999976 1.5351832001569066 2.0
13.389999999999759 1.5375014836177148 2.0
13.399999999999759 1.539808204591525 2.0
13.409999999999759 1.5421034207464817 2.0
13.419999999999758 1.5443871894631083 2.0
13.429999999999758 1.5466595678357415 2.0
13.439999999999758 1.5489206126739592 2.0
13.449999999999758 1.5511703805039998 2.0
13.459999999999757 1.5534089275701766 2.0
13.469999999999757 1.5556363098362826 2.0
13.479999999999757 1.5578525829869907 2.0
13.489999999999757 1.5600578024292449 2.0
13.499999999999757 1.562252023293646 2.0
13.509999999999756 1.5594477796285124 1.0
13.519999999999756 1.5566575221870076 1.0
13.529999999999756 1.55388118121255 1.0
13.539999999999756 1.5511186872964706 1.0
13.549999999999756 1.5483699713762777 1.0
13.559999999999755 1.5456349647339302 1.0
13.569999999999755 1.5429135989941196 1.0
13.579999999999755 1.5402058061225607 1.0
13.589999999999755 1.5375115184242907 1.0
13.599999999999755 1.5348306685419766 1.0
13.609999999999754 1.5321631894542318 1.0
13.619999999999754 1.5295090144739403 1.0
13.629999999999754 1.5268680772465892 1.0
13.639999999999754 1.5242403117486103 1.0
13.649999999999753 1.5216256522857294 1.0
13.659999999999753 1.5190240334913239 1.0
13.669999999999753 1.516435390324788 1.0
13.679999999999753 1.513859658069908 1.0
13.689999999999753 1.511296772333243 1.0
13.699999999999752 1.5087466690425166 1.0
13.709999999999752 1.5062092844450135 1.0
13.719999999999752 1.5036845551059865 1.0
13.729999999999752 1.501172417907071 1.0
13.739999999999752 1.4986728100447055 1.0
13.749999999999751 1.496185669028564 1.0
13.759999999999751 1.493710932679991 1.0
13.76999999999975 1.4912485391304493 1.0
13.77999999999975 1.4887984268199719 1.0
13.78999999999975 1.4863605344956232 1.0
13.79999999999975 1.4839348012099682 1.0
13.80999999999975 1.4815211663195484 1.0
13.81999999999975 1.4791195694833659 1.0
13.82999999999975 1.4767299506613745 1.0
13.83999999999975 1.4743522501129793 1.0
13.84999999999975 1.471986408395543 1.0
13.859999999999749 1.469632366362899 1.0
13.869999999999749 1.467290065163874 1.0
13.879999999999749 1.4649594462408164 1.0
13.889999999999748 1.4626404513281315 1.0
13.899999999999748 1.4603330224508255 1.0
13.909999999999748 1.4580371019230567 1.0
13.919999999999748 1.4557526323466918 1.0
13.929999999999747 1.4534795566098728 1.0
13.939999999999747 1.451217817885588 1.0
13.949999999999747 1.448967359630251 1.0
13.959999999999747 1.4467281255822888 1.0
13.969999999999747 1.4445000597607331 1.0
13.979999999999746 1.4422831064638224 1.0
13.989999999999746 1.440077210267609 1.0
13.999999999999746 1.4378823160245728 1.0
14.009999999999746 1.4406858896695613 2.0
14.019999999999746 1.4434754804326608 2.0
14.029999999999745 1.4462511580537853 2.0
14.039999999999745 1.44901299192502 2.0
14.049999999999745 1.4517610510923558 2.0
14.059999999999745 1.4544954042574147 2.0
14.069999999999744 1.4572161197791682 2.0
14.079999999999744 1.4599232656756462 2.0
14.089999999999744 1.4626169096256372 2.0
14.099999999999744 1.4652971189703798 2.0
14.109999999999744 1.467963960715248 2.0
14.119999999999743 1.4706175015314236 2.0
14.129999999999743 1.4732578077575655 2.0
14.139999999999743 1.4758849454014669 2.0
14.149999999999743 1.4784989801417054 2.0
14.159999999999743 1.481099977329286 2.0
14.169999999999742 1.483688001989274 2.0
14.179999999999742 1.4862631188224202 2.0
14.189999999999742 1.4888253922067798 2.0
14.199999999999742 1.491374886199321 2.0
14.209999999999742 1.493911664537526 2.0
14.219999999999741 1.496435790640986 2.0
14.229999999999741 1.4989473276129845 2.0
14.23999999999974 1.5014463382420769 2.0
14.24999999999974 1.5039328850036588 2.0
14.25999999999974 1.506407030061529 2.0
14.26999999999974 1.508868835269443 2.0
14.27999999999974 1.511318362172659 2.0
14.28999999999974 1.513755672009477 2.0
14.29999999999974 1.5161808257127698 2.0
14.30999999999974 1.5185938839115067 2.0
14.31999999999974 1.5209949069322681 2.0
14.329999999999739 1.5233839548007546 2.0
14.339999999999739 1.5257610872432874 2.0
14.349999999999739 1.5281263636883011 2.0
14.359999999999738 1.5304798432678304 2.0
14.369999999999738 1.5328215848189872 2.0
14.379999999999738 1.5351516468854323 2.0
14.389999999999738 1.5374700877188385 2.0
14.399999999999737 1.5397769652803477 2.0
14.409999999999737 1.5420723372420189 2.0
14.419999999999737 1.5443562609882706 2.0
14.429999999999737 1.5466287936173155 2.0
14.439999999999737 1.548889991942588 2.0
14.449999999999736 1.5511399124941636 2.0
14.459999999999736 1.5533786115201735 2.0
14.469999999999736 1.5556061449882097 2.0
14.479999999999736 1.557822568586725 2.0
14.489999999999736 1.560027937726425 2.0
14.499999999999735 1.5622223075416528 2.0
14.509999999999735 1.5594182120844506 1.0
14.519999999999735 1.556628102111687 1.0
14.529999999999735 1.5538519078704671 1.0
14.539999999999734 1.5510895599557906 1.0
14.549999999999734 1.5483409893088154 1.0
14.559999999999734 1.5456061272151325 1.0
14.569999999999734 1.5428849053030471 1.0
14.579999999999734 1.5401772555418693 1.0
14.589999999999733 1.5374831102402147 1.0
14.599999999999733 1.5348024020443098 1.0
14.609999999999733 1.5321350639363103 1.0
14.619999999999733 1.5294810292326246 1.0
14.629999999999733 1.526840231582247 1.0
14.639999999999732 1.5242126049650984 1.0
14.649999999999732 1.5215980836903769 1.0
14.659999999999732 1.518996602394914 1.0
14.669999999999732 1.516408096041542 1.0
14.679999999999731 1.5138324999174675 1.0
14.689999999999731 1.511269749632653 1.0
14.699999999999731 1.508719781118208 1.0
14.70999999999973 1.506182530624787 1.0
14.71999999999973 1.503657934720995 1.0
14.72999999999973 1.5011459302918033 1.0
14.73999999999973 1.4986464545369704 1.0
14.74999999999973 1.4961594449694722 1.0
14.75999999999973 1.4936848394139397 1.0
14.76999999999973 1.4912225760051054 1.0
14.77999999999973 1.4887725931862557 1.0
14.78999999999973 1.4863348297076926 1.0
14.799999999999729 1.4839092246252021 1.0
14.809999999999729 1.481495717298531 1.0
14.819999999999729 1.4790942473898703 1.0
14.829999999999728 1.476704754862347 1.0
14.839999999999728 1.4743271799785238 1.0
14.849999999999728 1.4719614632989046 1.0
14.859999999999728 1.4696075456804492 1.0
14.869999999999727 1.4672653682750945 1.0
14.879999999999727 1.4649348725282834 1.0
14.889999999999727 1.4626160001775008 1.0
14.899999999999727 1.4603086932508176 1.0
14.909999999999727 1.45801289406544 1.0
14.919999999999726 1.4557285452262687 1.0
14.929999999999726 1.453455589624464 1.0
14.939999999999726 1.4511939704360175 1.0
14.949999999999726 1.4489436311203316 1.0
14.959999999999726 1.4467045154188063 1.0
14.969999999999725 1.444476567353432 1.0
14.979999999999725 1.4422597312253918 1.0
14.989999999999725 1.4400539516136663 1.0
14.999999999999725 1.4378591733736508 1.0
15.009999999999724 1.4406628624430926 2.0
15.019999999999724 1.4434525680549632 2.0
15.029999999999724 1.4462283599520482 2.0
15.039999999999724 1.4489903075292898 2.0
15.049999999999724 1.4517384798355213 2.0
15.059999999999723 1.4544729455751932 2.0
15.069999999999723 1.4571937731100917 2.0
15.079999999999723 1.4599010304610467 2.0
15.089999999999723 1.462594785309633 2.0
15.099999999999723 1.4652751049998622 2.0
15.109999999999722 1.4679420565398662 2.0
15.119999999999722 1.4705957066035724 2.0
15.129999999999722 1.4732361215323704 2.0
15.139999999999722 1.4758633673367711 2.0
15.149999999999721 1.4784775096980565 2.0
15.159999999999721 1.4810786139699217 2.0
15.169999999999721 1.4836667451801089 2.0
15.17999999999972 1.4862419680320331 2.0
15.18999999999972 1.4888043469064 2.0
15.19999999999972 1.491353945862815 2.0
15.20999999999972 1.4938908286413841 2.0
15.21999999999972 1.4964150586643097 2.0
15.22999999999972 1.4989266990374732 2.0
15.23999999999972 1.5014258125520152 2.0
15.24999999999972 1.5039124616859036 2.0
15.25999999999972 1.5063867086054963 2.0
15.269999999999719 1.508848615167095 2.0
15.279999999999719 1.511298242918492 2.0
15.289999999999718 1.5137356531005088 2.0
15.299999999999718 1.5161609066485269 2.0
15.309999999999718 1.518574064194011 2.0
15.319999999999718 1.5209751860660259 2.0
15.329999999999718 1.523364332292743 2.0
15.339999999999717 1.5257415626029427 2.0
15.349999999999717 1.5281069364275064 2.0
15.359999999999717 1.530460512900903 2.0
15.369999999999717 1.5328023508626671 2.0
15.379999999999717 1.5351325088588694 2.0
15.389999999999716 1.5374510451435814 2.0
15.399999999999716 1.539758017680331 2.0
15.409999999999716 1.5420534841435514 2.0
15.419999999999716 1.544337501920024 2.0
15.429999999999715 1.5466101281103124 2.0
15.439999999999715 1.5488714195301894 2.0
15.449999999999715 1.5511214327120582 2.0
15.459999999999715 1.5533602239063657 2.0
15.469999999999715 1.5555878490830084 2.0
15.479999999999714 1.5578043639327317 2.0
15.489999999999714 1.5600098238685223 2.0
15.499999999999714 1.5622042840269934 2.0
15.509999999999714 1.5594002784624457 1.0
15.519999999999714 1.5566102579339949 1.0
15.529999999999713 1.5538341526909827 1.0
15.539999999999713 1.5510718933306333 1.0
15.549999999999713 1.5483234107963189 1.0
15.559999999999713 1.5455886363758329 1.0
15.569999999999713 1.5428675016996722 1.0
15.579999999999712 1.5401599387393285 1.0
15.589999999999712 1.5374658798055867 1.0
15.599999999999712 1.534785257546833 1.0
15.609999999999712 1.5321180049473715 1.0
15.619999999999711 1.5294640553257481 1.0
15.629999999999711 1.5268233423330841 1.0
15.639999999999711 1.5241957999514173 1.0
15.64999999999971 1.5215813624920511 1.0
15.65999999999971 1.518979964593913 1.0
15.66999999999971 1.5163915412219198 1.0
15.67999999999971 1.5138160276653525 1.0
15.68999999999971 1.5112533595362383 1.0
15.69999999999971 1.5087034727677402 1.0
15.70999999999971 1.5061663036125563 1.0
15.71999999999971 1.5036417886413256 1.0
15.729999999999709 1.5011298647410423 1.0
15.739999999999709 1.498630469113478 1.0
15.749999999999709 1.496143539273612 1.0
15.759999999999708 1.4936690130480685 1.0
15.769999999999708 1.4912068285735633 1.0
15.779999999999708 1.4887569242953562 1.0
15.789999999999708 1.4863192389657125 1.0
15.799999999999708 1.483893711642372 1.0
15.809999999999707 1.4814802816870256 1.0
15.819999999999707 1.4790788887637984 1.0
15.829999999999707 1.4766894728377424 1.0
15.839999999999707 1.4743119741733348 1.0
15.849999999999707 1.4719463333329854 1.0
15.859999999999706 1.4695924911755498 1.0
15.869999999999706 1.4672503888548516 1.0
15.879999999999706 1.4649199678182108 1.0
15.889999999999706 1.46260116980498 1.0
15.899999999999705 1.460293936845088 1.0
15.909999999999705 1.4579982112575909 1.0
15.919999999999705 1.4557139356492295 1.0
15.929999999999705 1.4534410529129942 1.0
15.939999999999705 1.4511795062266986 1.0
15.949999999999704 1.4489292390515576 1.0
15.959999999999704 1.4466901951307747 1.0
15.969999999999704 1.444462318488135 1.0
15.979999999999704 1.442245553426607 1.0
15.989999999999704 1.440039844526948 1.0
15.999999999999703 1.437845136646321 1.0
16.009999999999703 1.4406488957242323 2.0
16.019999999999705 1.4434386709954037 2.0
16.029999999999706 1.4462145322043625 2.0
16.039999999999708 1.4489765487477833 2.0
16.04999999999971 1.4517247896762235 2.0
16.05999999999971 1.4544593236958498 2.0
16.069999999999713 1.457180219170155 2.0
16.079999999999714 1.4598875441216674 2.0
16.089999999999716 1.462581366233652 2.0
16.099999999999717 1.465261752851802 2.0
16.10999999999972 1.4679287709859221 2.0
16.11999999999972 1.470582487311605 2.0
16.129999999999722 1.4732229681718967 2.0
16.139999999999723 1.4758502795789563 2.0
16.149999999999725 1.478464487215706 2.0
16.159999999999727 1.481065656437473 2.0
16.169999999999728 1.4836538522736227 2.0
16.17999999999973 1.4862291394291862 2.0
16.18999999999973 1.4887915822864768 2.0
16.199999999999733 1.491341244906699 2.0
16.209999999999734 1.493878191031551 2.0
16.219999999999736 1.4964024840848185 2.0
16.229999999999738 1.498914187173959 2.0
16.23999999999974 1.5014133630916806 2.0
16.24999999999974 1.5039000743175115 2.0
16.259999999999742 1.5063743830193617 2.0
16.269999999999744 1.5088363510550775 2.0
16.279999999999745 1.5112860399739885 2.0
16.289999999999747 1.5137235110184448 2.0
16.29999999999975 1.5161488251253497 2.0
16.30999999999975 1.518562042927682 2.0
16.31999999999975 1.5209632247560128 2.0
16.329999999999753 1.5233524306400126 2.0
16.339999999999755 1.525729720309953 2.0
16.349999999999756 1.5280951531981994 2.0
16.359999999999758 1.5304487884406974 2.0
16.36999999999976 1.5327906848784507 2.0
16.37999999999976 1.5351209010589921 2.0
16.389999999999763 1.5374394952378476 2.0
16.399999999999764 1.5397465253799922 2.0
16.409999999999766 1.5420420491612998 2.0
16.419999999999767 1.5443261239699844 2.0
16.42999999999977 1.5465988069080352 2.0
16.43999999999977 1.548860154792644 2.0
16.449999999999772 1.5511102241576258 2.0
16.459999999999773 1.5533490712548317 2.0
16.469999999999775 1.555576752055556 2.0
16.479999999999777 1.5577933222519345 2.0
16.489999999999778 1.5599988372583378 2.0
16.49999999999978 1.5621933522127558 2.0
16.50999999999978 1.5593894011708591 1.0
16.519999999999783 1.5565994348931265 1.0
16.529999999999784 1.5538233836302557 1.0
16.539999999999786 1.5510611779808208 1.0
16.549999999999788 1.5483127488895363 1.0
16.55999999999979 1.5455780276455322 1.0
16.56999999999979 1.5428569458806347 1.0
16.579999999999792 1.5401494355676582 1.0
16.589999999999794 1.5374554290187037 1.0
16.599999999999795 1.534774858883467 1.0
16.609999999999797 1.5321076581475555 1.0
16.6199999999998 1.5294537601308114 1.0
16.6299999999998 1.5268130984856465 1.0
16.6399999999998 1.5241856071953819 1.0
16.649999999999803 1.5215712205725984 1.0
16.659999999999805 1.5189698732574946 1.0
16.669999999999806 1.5163815002162517 1.0
16.679999999999808 1.5138060367394093 1.0
16.68999999999981 1.511243418440246 1.0
16.69999999999981 1.508693581253171 1.0
16.709999999999813 1.506156461432122 1.0
16.719999999999814 1.5036319955489708 1.0
16.729999999999816 1.5011201204919393 1.0
16.739999999999817 1.4986207734640202 1.0
16.74999999999982 1.4961338919814076 1.0
16.75999999999982 1.4936594138719348 1.0
16.769999999999822 1.4911972772735202 1.0
16.779999999999824 1.4887474206326208 1.0
16.789999999999825 1.4863097827026928 1.0
16.799999999999827 1.483884302542661 1.0
16.809999999999828 1.481470919515395 1.0
16.81999999999983 1.4790695732861936 1.0
16.82999999999983 1.4766802038212758 1.0
16.839999999999833 1.4743027513862808 1.0
16.849999999999834 1.4719371565447736 1.0
16.859999999999836 1.4695833601567603 1.0
16.869999999999838 1.4672413033772083 1.0
16.87999999999984 1.4649109276545762 1.0
16.88999999999984 1.4625921747293495 1.0
16.899999999999842 1.4602849866325847 1.0
16.909999999999844 1.4579893056844586 1.0
16.919999999999845 1.4557050744928284 1.0
16.929999999999847 1.4534322359517953 1.0
16.93999999999985 1.4511707332402772 1.0
16.94999999999985 1.4489205098205886 1.0
16.95999999999985 1.4466815094370267 1.0
16.969999999999853 1.4444536761144655 1.0
16.979999999999855 1.4422369541569557 1.0
16.989999999999856 1.440031288146333 1.0
16.999999999999858 1.4378366229408324 1.0
17.00999999999986 1.440640424481027 2.0
17.01999999999986 1.4434302420027003 2.0
17.029999999999863 1.4462061452514356 2.0
17.039999999999864 1.448968203624959 2.0
17.049999999999866 1.451716486174873 2.0
17.059999999999867 1.4544510616083852 2.0
17.06999999999987 1.4571719982900233 2.0
17.07999999999987 1.4598793642433465 2.0
17.089999999999872 1.4625732271526446 2.0
17.099999999999874 1.4652536543646304 2.0
17.109999999999875 1.467920712890124 2.0
17.119999999999877 1.4705744694057272 2.0
17.129999999999878 1.4732149902554914 2.0
17.13999999999988 1.4758423414525752 2.0
17.14999999999988 1.4784565886808954 2.0
17.159999999999883 1.481057797296769 2.0
17.169999999999884 1.4836460323305465 2.0
17.179999999999886 1.4862213584882389 2.0
17.189999999999888 1.4887838401531344 2.0
17.19999999999989 1.4913335413874078 2.0
17.20999999999989 1.4938705259337226 2.0
17.219999999999892 1.496394857216825 2.0
17.229999999999894 1.4989065983451284 2.0
17.239999999999895 1.5014058121122917 2.0
17.249999999999897 1.5038925609987892 2.0
17.2599999999999 1.5063669071734729 2.0
17.2699999999999 1.5088289124951257 2.0
17.2799999999999 1.5112786385140091 2.0
17.289999999999903 1.513716146473401 2.0
17.299999999999905 1.5161414973111276 2.0
17.309999999999906 1.5185547516610858 2.0
17.319999999999908 1.5209559698547603 2.0
17.32999999999991 1.523345211922731 2.0
17.33999999999991 1.525722537596174 2.0
17.349999999999913 1.528088006308355 2.0
17.359999999999914 1.530441677196115 2.0
17.369999999999916 1.5327836091013485 2.0
17.379999999999917 1.5351138605724755 2.0
17.38999999999992 1.5374324898659038 2.0
17.39999999999992 1.5397395549474866 2.0
17.409999999999922 1.5420351134939714 2.0
17.419999999999924 1.5443192228944411 2.0
17.429999999999925 1.5465919402517498 2.0
17.439999999999927 1.5488533223839498 2.0
17.44999999999993 1.5511034258257121 2.0
17.45999999999993 1.55334230682974 2.0
17.46999999999993 1.5555700213681751 2.0
17.479999999999933 1.5577866251339971 2.0
17.489999999999934 1.5599921735424154 2.0
17.499999999999936 1.5621867217322551 2.0
17.509999999999938 1.559382803760018 1.0
17.51999999999994 1.556592870387009 1.0
17.52999999999994 1.5538168518647493 1.0
17.539999999999942 1.5510546787926307 1.0
17.549999999999944 1.5483062821161826 1.0
17.559999999999945 1.545571593125345 1.0
17.569999999999947 1.5428505434527509 1.0
17.57999999999995 1.5401430650720167 1.0
17.58999999999995 1.5374490902960418 1.0
17.59999999999995 1.5347685517753162 1.0
17.609999999999953 1.5321013824962377 1.0
17.619999999999955 1.5294475157794354 1.0
17.629999999999956 1.526806885278103 1.0
17.639999999999958 1.52417942497634 1.0
17.64999999999996 1.5215650691875027 1.0
17.65999999999996 1.5189637525525599 1.0
17.669999999999963 1.5163754100384603 1.0
17.679999999999964 1.5137999769365063 1.0
17.689999999999966 1.511237388860736 1.0
17.699999999999967 1.5086875817463143 1.0
17.70999999999997 1.5061504918479305 1.0
17.71999999999997 1.5036260557382048 1.0
17.729999999999972 1.5011142103061033 1.0
17.739999999999974 1.4986148927553589 1.0
17.749999999999975 1.496128040602903 1.0
17.759999999999977 1.4936535916773022 1.0
17.76999999999998 1.4911914841172045 1.0
17.77999999999998 1.4887416563697926 1.0
17.78999999999998 1.4863040471892455 1.0
17.799999999999983 1.4838785956352063 1.0
17.809999999999985 1.48146524107126 1.0
17.819999999999986 1.4790639231634168 1.0
17.829999999999988 1.476674581878604 1.0
17.83999999999999 1.4742971574831651 1.0
17.84999999999999 1.4719315905413661 1.0
17.859999999999992 1.4695778219139106 1.0
17.869999999999994 1.46723579275646 1.0
17.879999999999995 1.4649054445181637 1.0
17.889999999999997 1.462586718940194 1.0
17.9 1.4602795580542909 1.0
17.91 1.457983904181312 1.0
17.92 1.455699699929791 1.0
17.930000000000003 1.4534268881945027 1.0
17.940000000000005 1.4511654121550353 1.0
17.950000000000006 1.4489152152743698 1.0
17.960000000000008 1.4466762412974674 1.0
17.97000000000001 1.4444484342498618 1.0
17.98000000000001 1.4422317384362608 1.0
17.990000000000013 1.4400260984391537 1.0
18.000000000000014 1.4428189799247433 2.0
18.010000000000016 1.445597931855811 2.0
18.020000000000017 1.4483630237063 2.0
18.03000000000002 1.4511143246036506 2.0
18.04000000000002 1.4538519033305286 2.0
18.050000000000022 1.4565758283265446 2.0
18.060000000000024 1.4592861676899653 2.0
18.070000000000025 1.461982989179416 2.0
18.080000000000027 1.4646663602155745 2.0
18.09000000000003 1.4673363478828563 2.0
18.10000000000003 1.4699930189310924 2.0
18.11000000000003 1.4726364397771972 2.0
18.120000000000033 1.4752666765068296 2.0
18.130000000000035 1.4778837948760448 2.0
18.140000000000036 1.4804878603129383 2.0
18.150000000000038 1.4830789379192817 2.0
18.16000000000004 1.4856570924721502 2.0
18.17000000000004 1.4882223884255414 2.0
18.180000000000042 1.4907748899119884 2.0
18.190000000000044 1.493314660744161 2.0
18.200000000000045 1.4958417644164623 2.0
18.210000000000047 1.498356264106616 2.0
18.22000000000005 1.5008582226772447 2.0
18.23000000000005 1.5033477026774436 2.0
18.24000000000005 1.5058247663443418 2.0
18.250000000000053 1.5082894756046605 2.0
18.260000000000055 1.5107418920762594 2.0
18.270000000000056 1.513182077069678 2.0
18.280000000000058 1.5156100915896682 2.0
18.29000000000006 1.5180259963367195 2.0
18.30000000000006 1.5204298517085764 2.0
18.310000000000063 1.5228217178017482 2.0
18.320000000000064 1.5252016544130123 2.0
18.330000000000066 1.5275697210409074 2.0
18.340000000000067 1.5299259768872226 2.0
18.35000000000007 1.532270480858477 2.0
18.36000000000007 1.5346032915673922 2.0
18.370000000000072 1.536924467334357 2.0
18.380000000000074 1.5392340661888866 2.0
18.390000000000075 1.5415321458710727 2.0
18.400000000000077 1.543818763833027 2.0
18.41000000000008 1.5460939772403177 2.0
18.42000000000008 1.5483578429733984 2.0
18.43000000000008 1.5506104176290303 2.0
18.440000000000083 1.5528517575216974 2.0
18.450000000000085 1.5550819186850133 2.0
18.460000000000086 1.5573009568731238 2.0
18.470000000000088 1.5595089275620988 2.0
18.48000000000009 1.5617058859513206 2.0
18.49000000000009 1.5638918869648633 2.0
18.500000000000092 1.5610794644455483 1.0
18.510000000000094 1.5582810689420676 1.0
18.520000000000095 1.5554966304943876 1.0
18.530000000000097 1.552726079491402 1.0
18.5400000000001 1.5499693466691915 1.0
18.5500000000001 1.547226363109292 1.0
18.5600000000001 1.5444970602369716 1.0
18.570000000000103 1.5417813698195164 1.0
18.580000000000105 1.5390792239645243 1.0
18.590000000000106 1.5363905551182087 1.0
18.600000000000108 1.533715296063708 1.0
18.61000000000011 1.5310533799194066 1.0
18.62000000000011 1.5284047401372622 1.0
18.630000000000113 1.5257693105011425 1.0
18.640000000000114 1.5231470251251689 1.0
18.650000000000116 1.5205378184520706 1.0
18.660000000000117 1.5179416252515452 1.0
18.67000000000012 1.5153583806186273 1.0
18.68000000000012 1.5127880199720662 1.0
18.690000000000122 1.5102304790527123 1.0
18.700000000000124 1.5076856939219092 1.0
18.710000000000125 1.505153600959896 1.0
18.720000000000127 1.502634136864217 1.0
18.73000000000013 1.5001272386481386 1.0
18.74000000000013 1.4976328436390747 1.0
18.75000000000013 1.4951508894770202 1.0
18.760000000000133 1.4926813141129918 1.0
18.770000000000135 1.4902240558074766 1.0
18.780000000000136 1.4877790531288893 1.0
18.790000000000138 1.4853462449520352 1.0
18.80000000000014 1.4829255704565834 1.0
18.81000000000014 1.4805169691255453 1.0
18.820000000000142 1.4781203807437624 1.0
18.830000000000144 1.4757357453964002 1.0
18.840000000000146 1.4733630034674507 1.0
18.850000000000147 1.4710020956382426 1.0
18.86000000000015 1.4686529628859566 1.0
18.87000000000015 1.4663155464821518 1.0
18.88000000000015 1.4639897879912964 1.0
18.890000000000153 1.461675629269307 1.0
18.900000000000155 1.4593730124620947 1.0
18.910000000000156 1.4570818800041199 1.0
18.920000000000158 1.4548021746169515 1.0
18.93000000000016 1.4525338393078362 1.0
18.94000000000016 1.450276817368273 1.0
18.950000000000163 1.4480310523725959 1.0
18.960000000000164 1.4457964881765633 1.0
18.970000000000166 1.4435730689159536 1.0
18.980000000000167 1.4413607390051695 1.0
18.99000000000017 1.439159443135848 1.0
19.00000000000017 1.4419566470827956 2.0
19.010000000000172 1.4447398999168555 2.0
19.020000000000174 1.4475092712194935 2.0
19.030000000000175 1.4502648302251364 2.0
19.040000000000177 1.453006645822903 2.0
19.05000000000018 1.4557347865583257 2.0
19.06000000000018 1.458449320635065 2.0
19.07000000000018 1.4611503159166146 2.0
19.080000000000183 1.463837839927997 2.0
19.090000000000185 1.4665119598574525 2.0
19.100000000000186 1.4691727425581185 2.0
19.110000000000188 1.4718202545497012 2.0
19.12000000000019 1.4744545620201384 2.0
19.13000000000019 1.477075730827254 2.0
19.140000000000192 1.4796838265004044 2.0
19.150000000000194 1.4822789142421176 2.0
19.160000000000196 1.484861058929722 2.0
19.170000000000197 1.4874303251169696 2.0
19.1800000000002 1.4899867770356487 2.0
19.1900000000002 1.4925304785971907 2.0
19.200000000000202 1.4950614933942667 2.0
19.210000000000203 1.497579884702379 2.0
19.220000000000205 1.5000857154814407 2.0
19.230000000000206 1.5025790483773522 2.0
19.240000000000208 1.5050599457235658 2.0
19.25000000000021 1.5075284695426445 2.0
19.26000000000021 1.5099846815478122 2.0
19.270000000000213 1.5124286431444969 2.0
19.280000000000214 1.514860415431866 2.0
19.290000000000216 1.517280059204353 2.0
19.300000000000217 1.5196876349531783 2.0
19.31000000000022 1.5220832028678613 2.0
19.32000000000022 1.5244668228377245 2.0
19.330000000000222 1.5268385544533913 2.0
19.340000000000224 1.5291984570082755 2.0
19.350000000000225 1.531546589500064 2.0
19.360000000000227 1.5338830106321912 2.0
19.37000000000023 1.5362077788153075 2.0
19.38000000000023 1.5385209521687382 2.0
19.39000000000023 1.5408225885219378 2.0
19.400000000000233 1.5431127454159348 2.0
19.410000000000235 1.545391480104771 2.0
19.420000000000236 1.5476588495569323 2.0
19.430000000000238 1.549914910456773 2.0
19.44000000000024 1.5521597192059333 2.0
19.45000000000024 1.5543933319247487 2.0
19.460000000000242 1.5566158044536536 2.0
19.470000000000244 1.5588271923545767 2.0
19.480000000000246 1.561027550912331 2.0
19.490000000000247 1.563216935135995 2.0
19.50000000000025 1.5604078789529705 1.0
19.51000000000025 1.5576128329961079 1.0
19.520000000000252 1.5548317273891126 1.0
19.530000000000253 1.5520644926041993 1.0
19.540000000000255 1.5493110594603547 1.0
19.550000000000257 1.5465713591216064 1.0
19.560000000000258 1.5438453230953035 1.0
19.57000000000026 1.5411328832304032 1.0
19.58000000000026 1.5384339717157678 1.0
19.590000000000263 1.5357485210784687 1.0
19.600000000000264 1.5330764641821002 1.0
19.610000000000266 1.5304177342251006 1.0
19.620000000000267 1.5277722647390828 1.0
19.63000000000027 1.5251399895871716 1.0
19.64000000000027 1.522520842962351 1.0
19.650000000000272 1.519914759385819 1.0
19.660000000000274 1.5173216737053508 1.0
19.670000000000275 1.514741521093669 1.0
19.680000000000277 1.5121742370468239 1.0
19.69000000000028 1.509619757382581 1.0
19.70000000000028 1.5070780182388153 1.0
19.71000000000028 1.5045489560719156 1.0
19.720000000000283 1.5020325076551966 1.0
19.730000000000285 1.4995286100773164 1.0
19.740000000000286 1.4970372007407053 1.0
19.750000000000288 1.4945582173600003 1.0
19.76000000000029 1.4920915979604874 1.0
19.77000000000029 1.4896372808765532 1.0
19.780000000000292 1.4871952047501429 1.0
19.790000000000294 1.484765308529226 1.0
19.800000000000296 1.4823475314662709 1.0
19.810000000000297 1.4799418131167246 1.0
19.8200000000003 1.4775480933375031 1.0
19.8300000000003 1.4751663122854874 1.0
19.840000000000302 1.4727964104160272 1.0
19.850000000000303 1.4704383284814522 1.0
19.860000000000305 1.4680920075295911 1.0
19.870000000000307 1.4657573889022981 1.0
19.880000000000308 1.463434414233986 1.0
19.89000000000031 1.4611230254501668 1.0
19.90000000000031 1.4588231647660008 1.0
19.910000000000313 1.456534774684851 1.0
19.920000000000314 1.454257797996846 1.0
19.930000000000316 1.4519921777774505 1.0
19.940000000000317 1.4497378573860407 1.0
19.95000000000032 1.4474947804644893 1.0
19.96000000000032 1.4452628909357566 1.0
19.970000000000322 1.443042133002488 1.0
19.980000000000324 1.4408324511456199 1.0
19.990000000000325 1.4386337901229902 1.0
